100001	逍遥刀剑	1	0	i00714	老胡为刚刚学武的荆棘所打造的刀剑，所用材质虽非上品，但锻冶工法不差。	3600	1200	0	0	1	1	0	1	99	140	180001	0	0	0	0	0	0	0	0	0	2	0	210002	0	荆棘专属武器	0
100002	太乙刀剑	1	0	i00711	相传是太乙真人所铸，为一对刀剑，刀剑合壁即天下无敌。	32000	8000	0	0	1	1	0	1	99	360	180001	0	0	0	0	0	0	0	0	0	2	0	0	(1,21,70)*(1,22,70)	0	0
100003	无极刀剑	1	0	i00785	搜罗诸般奇材所锻造的绝世刀剑！不逊于昔年铸剑山庄所铸造的佛剑魔刀。	40000	8000	0	0	1	1	0	1	99	475	180001	0	0	0	0	0	0	0	0	0	2	0	0	(1,21,80)*(1,22,80)	0	0
100004	阴阳倒乱刃	1	0	i00642	相传为绝情谷主的独门武器，阴阳相辅，倒乱乾坤，端的是天下奇兵。	24000	6000	0	0	1	1	0	1	99	260	180001	7	900113	0	0	0	0	0	0	0	2	0	0	(1,21,55)*(1,22,55)*(1,13,70)	0	0
100005	紫金双刃	1	0	i00643	贵气十足的一对刀剑，相传是古代皇族帝冑遗留下来的利刃。	16000	4000	1	0	1	1	0	1	99	230	180001	0	0	0	0	0	0	0	0	0	2	0	0	(1,21,45)*(1,22,45)	0	0
100101	粗布拳套	1	0	i00724	简单的麻布手套，几无防御力可言。	2000	1000	0	0	1	1	0	1	99	100	180002	0	0	0	0	0	0	0	0	0	4	0	0	0	0	0
100102	皮手套	1	0	i00725	以兽皮所缝制之手套，套住手掌与指关节，可露出半截手指，活动自如。	4000	1200	0	0	1	1	0	1	99	140	180002	1	1	100	0	0	0	0	0	0	4	0	0	0	0	0
100103	鹿革手套	1	0	i00726	高级鹿皮所制，坚韧耐用，深受富豪人家喜爱，价格高昂。	8000	2000	0	0	1	1	0	1	99	160	180002	1	1	200	0	0	0	0	0	0	4	0	0	0	0	0
100104	离魂金线缠	1	0	i00403	武林人士专用的特制拳套，虽然名为金线，实则是多种金属交错编织而成，防护性颇高。	20000	5000	0	0	1	1	0	1	99	235	180002	1	43	15	0	1	47	15	0	0	4	0	0	(1,11,55)	0	0
100105	玄铁手套	1	0	i00706	多处以天外玄铁补强，可谓攻防一体的至高杰作。唯一缺陷便是由于采用了玄铁，而非常沉重。内力深厚者方能运用自如。	40000	10000	0	0	1	1	0	1	99	375	180002	7	910108	0	0	0	0	0	0	0	4	0	0	(1,11,70)	0	0
100106	金丝手套	1	0	i00404	以金蚕丝织成的手套，薄如蝉翼，宝刀利剑不能破，防护性极佳。	32000	8000	0	0	1	1	0	1	99	320	180002	1	41	25	0	1	42	25	0	0	4	0	0	0	0	0
100107	萃毒指	1	0	i00793	以青铜所制的指爪，内有沟槽可暗藏毒药。最适合搭配九阴白骨爪使用。	16000	4000	0	0	1	1	0	1	99	180	180006	7	910048	0	0	0	0	0	0	0	4	0	0	0	附加状态：中毒	0
100108	精钢拳套	1	0	i00792	以百炼精钢制成的拳套，虽然防护力、破坏力皆强，但相当沉重，会降低配戴者的灵活度。	16000	4000	0	0	1	1	0	1	99	210	180002	1	1	400	0	7	910200	0	0	0	4	0	0	(1,11,45)	0	0
100109	天蚕丝手套	1	0	i00641	以天蚕丝混合银丝、乌金等编制而成，柔韧而坚实，寻常刀剑皆伤它不得。	28000	7000	1	0	1	1	0	1	99	280	180002	1	24	10	0	0	0	0	0	0	4	0	0	0	0	0
100110	铁手套	1	0	i00625	铁制的拳套，稍嫌笨重，但有不错的防护力。	10000	2500	0	0	1	1	0	1	99	175	180002	1	1	300	0	7	910200	0	0	0	4	0	0	0	0	0
100201	单刀	1	0	i00715	江湖人士常用的基本刀款，随便一家打铁铺都能打造。	3200	1000	0	0	1	1	0	1	99	120	180003	0	0	0	0	0	0	0	0	0	2	0	0	0	0	0
100202	银口九齿刀	1	0	i00773	精钢所造的砍刀，刀背有九个缺口，可锁拿敌方兵器。	8000	2000	0	0	1	1	0	1	99	135	180003	1	46	8	0	1	47	8	0	0	2	0	0	0	0	0
100203	长虹雁翎刀	1	0	i00699	长虹镖局少镖头关伟的佩刀，属于单刀中的快刀，质轻且锐利无匹。	18000	4500	0	0	1	1	0	1	99	195	180003	1	52	7	0	0	0	0	0	0	2	0	0	0	0	0
100204	霹雳刀	1	0	i00776	霹雳堂精工打造的制式单刀，表层度上了一层铜，显得金光灿然。	28000	7000	0	0	1	1	0	1	99	270	180003	7	910117	0	0	0	0	0	0	0	2	0	0	0	0	0
100205	鬼头刀	1	0	i00775	刀柄处雕有鬼头，刀背有一缺口，背厚面阔，分量笨重，适于劈砍，故常用于刑场斩首时使用。	16000	4000	0	0	1	1	0	1	99	205	180003	1	53	15	0	7	910200	0	0	0	2	0	0	(1,11,45)	0	0
100206	龙鳞宝刀	1	0	i00718	使用西域精钢和工法，由于经过多次折迭锻打和焠火，刀身上的纹路近似于龙鳞，故而得名。	30000	5000	0	0	1	1	0	1	99	265	180003	0	0	0	0	0	0	0	0	0	2	0	0	0	0	0
100207	苗族弯刀	1	0	i00784	苗人所用的弯刀，形如月牙，平日多用于劈开藤蔓。	14000	3500	0	0	1	1	0	1	99	210	180003	0	0	0	0	0	0	0	0	0	2	0	0	0	0	0
100208	百辟刀	1	0	i00781	古代宝刀之名，相传为魏武王曹操所制，取其意以辟不祥。	24000	6000	1	0	1	1	0	1	99	250	180003	1	56	5	0	1	58	5	0	0	2	0	0	0	0	0
100209	环柄刀	1	0	i00719	汉代军队常用的刀剑，由一块钢铁直接打成，单刃直身，又称环首剑、环首刀。	12000	3000	0	0	1	1	0	1	99	150	180003	1	22	5	0	0	0	0	0	0	2	0	0	0	0	0
100210	太皇刀	1	0	i00365	传说为鸿蒙以来第一刀，为盘古开天所用之刃，刀一出鞘，其他刀便低头自断。	40000	10000	0	0	1	1	0	1	99	480	180003	0	0	0	0	0	0	0	0	0	2	0	0	(1,22,80)	0	0
100211	血饮	1	0	i00777	上古异金所铸造之刀，会吸食鲜血，故所伤人命越多，刀越显腥红。	36000	9000	0	0	1	1	0	1	99	300	180005	7	500023	0	0	0	0	0	0	0	2	0	0	0	0	0
100212	圆月弯刀	1	0	i00346	游牧民族爱用的轻灵弯刀。刀形如月，善于切削而非劈砍。	32000	8000	0	0	1	1	0	1	99	280	180003	1	53	10	0	0	0	0	0	0	2	0	0	(1,22,70)	0	0
100213	[c][FF0000]阎罗[-][/c]	1	0	i00772	精钢混合玄铁锻造的刀，刀形特殊，重量极沉。	40000	10000	0	0	1	1	0	1	99	400	180004	7	910049	0	0	0	0	0	0	0	2	0	0	(1,22,90)	0	0
100214	菊一文字．无铭	1	0	i00774	相传为一文字则宗生前所锻造的最后一柄太刀。刀刃极薄，不适于格挡，使刀者必须具备一击必杀的高超功夫。	20000	5000	0	0	1	1	0	1	99	240	180007	1	52	5	0	0	0	0	0	0	2	0	0	(1,22,50)	0	0
100215	三日月．无铭	1	0	i00786	出自日本平安时代刀匠三条宗近之手的太刀，丝毫不逊于号称天下五剑的三日月宗近。	32000	8000	0	0	1	1	0	1	99	320	180007	1	52	8	0	0	0	0	0	0	2	0	0	(1,22,60)	0	0
100216	[c][FF0000]村正妖刀[-][/c]	1	0	i00778	出自伊势桑名地区的村正一族，异常锋锐。分类为打刀，比太刀更适于劈砍，充满不详的妖气。	40000	10000	0	0	1	1	0	1	99	400	180007	7	800066	0	0	7	800068	0	0	0	2	0	210006	0	0	0
100217	玄铁刀	1	0	i00701	由天外玄铁所铸造而成，极其沉重，内力深厚者，方能运用自如。	40000	10000	0	0	1	1	0	1	99	420	180003	7	910200	0	0	7	910098	0	0	0	2	0	0	(1,3,2500)*(1,11,65)	0	0
100301	铁剑	1	0	i00326	江湖人士常用的基本长剑，随便一家打铁铺都能打造。	3200	1200	0	0	1	1	0	1	99	120	180008	0	0	0	0	0	0	0	0	0	1	0	0	0	0	0
100302	冰心	1	0	i00721	通体雪白耀眼，造型极美，不似兵刃。但其实是由上好钢材所锻造。由于水盼盼出身佛门，此剑未开封。	20000	5000	0	0	1	1	0	1	99	200	180008	1	57	8	0	1	56	8	0	0	1	0	200016	0	水盼盼专属武器<br>抗暴击：10%	1
100303	白晶剑	1	0	i00779	铸剑山庄的三大名剑之一，任浩然已传给其子任剑南。	24000	6000	0	0	1	1	0	1	99	270	180008	7	910201	0	0	0	0	0	0	0	1	0	210008	0	0	1
100304	盘月剑	1	0	i00337	剑身极软，但韧性极高，不用时可系于腰间上。	16000	4000	0	0	1	1	0	1	99	140	180008	1	43	15	0	1	44	15	0	0	1	0	0	0	0	0
100305	天羽剑	1	0	i00787	何傲天昔年惯用之剑其一。近于软剑，搭配轻灵多变的剑法可得相辅相成之效。	16000	4000	0	0	1	1	0	1	99	160	180008	1	51	5	0	0	0	0	0	0	1	0	0	0	0	0
100306	太极剑	1	0	i00338	武当派二代掌门的配剑。此剑遵奉昔年张三丰真人的教诲，仅剑尖开锋。	20000	5000	0	0	1	1	0	1	99	190	180008	1	52	10	0	0	0	0	0	0	1	0	0	0	0	0
100307	龙渊剑	1	0	i00330	以名匠欧冶子、干将合铸之龙渊剑为根骨，试图重现其临渊见龙之威势。	16000	4000	0	0	1	1	0	1	99	220	180008	0	0	0	0	0	0	0	0	0	1	0	0	0	0	0
100308	巨阙剑	1	0	i00331	最早为名匠欧冶子所铸之巨剑，工法独特，能削金断玉，攻防一体，无坚不摧。	20000	5000	0	0	1	1	0	1	99	265	180008	0	0	0	0	0	0	0	0	0	1	0	0	0	0	0
100309	湛卢剑	1	0	i00332	名匠欧冶子为越王允常所铸之剑，历三年而成。此剑通体墨黑深邃，是其最大特征。	20000	5000	0	0	1	1	0	1	99	265	180008	0	0	0	0	0	0	0	0	0	1	0	0	0	0	0
100310	九真剑	1	0	i00329	以金银铜铁锡五金合制，为道教法器，有神奇威力。	28000	7000	0	0	1	1	0	1	99	240	180008	1	21	10	0	0	0	0	0	0	1	0	0	0	0	0
100311	镇岳	1	0	i00765	多用于战阵之上的巨剑，与其说是靠剑刃伤敌，不如说是靠重量辗压对手。	20000	5000	0	0	1	1	0	1	99	350	180008	7	910200	0	0	0	0	0	0	0	1	0	0	(1,11,45)	0	0
100312	龙脊剑	1	0	i00769	来历不明的奇剑，状如脊骨，难以御使。有博学者称此为蛮夷部族用于巫蛊的仪式用剑。	24000	6000	1	0	1	1	0	1	99	250	180008	7	500167	0	0	0	0	0	0	0	1	0	0	0	0	0
100313	太虚剑	1	0	i00343	黄石老人所铸，此剑看似厚重，实轻而无量，明心见性，入太虚之中。	24000	6000	0	0	1	1	0	1	99	320	180008	0	0	0	0	0	0	0	0	0	1	0	0	0	0	0
100314	撼天古剑	1	0	i00717	几乎等同成年男子身高的巨剑。据传出自先秦时代，令人难以想象当年是如何锻造此剑。	32000	8000	0	0	1	1	0	1	99	370	180008	1	4	-1	0	0	0	0	0	0	1	0	0	(1,11,55)	0	0
100315	玄铁重剑	1	0	i00700	由天外玄铁所铸造而成，外观黝黑不起眼。极其沉重，内力深厚者方能运用自如，传说前朝神鵰大侠曾持之纵横江湖。	40000	10000	0	0	1	1	0	1	99	485	180008	1	4	-1	0	7	910109	0	0	0	1	0	0	(1,3,2500)*(1,11,65)	0	0
100316	辟邪	1	0	i00768	铸剑山庄所铸的神兵利器，原本是作为某位武林前辈的陪葬品……	36000	9000	0	0	1	1	0	1	99	300	180008	1	55	30	0	0	0	0	0	0	1	0	0	0	抗闪避：30%	0
100317	殇瑶	1	0	i00716	做工粗糙，甚至可以说是拙劣，但却锋芒隐露，散发出不祥的气息...	36000	9000	0	0	1	1	0	1	99	320	180008	7	500161	0	0	0	0	0	0	0	1	0	0	0	0	0
100318	紫薇软剑	1	0	i00770	独孤求败三十岁前所用之剑，剑身奇软，锋锐无匹，剑柄上用金丝盘着两个篆文，乃是紫薇二字。	36000	9000	0	0	1	1	0	1	99	250	180008	1	21	15	0	1	41	25	0	0	1	0	0	(1,14,65)	0	0
100319	琼华剑	1	0	i00764	铸剑山庄为燕宇打造的宝剑。剑身散发出来的光芒，有如玉石般温润。	16000	4000	0	0	1	1	0	1	99	195	180008	7	910097	0	0	0	0	0	0	0	1	0	100299	0	0	1
100320	传家宝剑	1	0	i00323	天剑门小师弟的家传宝剑，锋利异常，但拿在手上总觉得哪里不对劲。	2000	500	0	0	1	1	0	1	99	100	180008	0	0	0	0	0	0	0	0	0	1	0	0	0	0	0
100321	含光剑	1	0	i00335	传说中殷商皇帝为统治天下所用的三把名剑之一。	28000	7000	0	0	1	1	0	1	99	300	180008	7	910202	0	0	0	0	0	0	0	1	0	0	0	0	0
100322	白虹剑	1	0	i00333	剑身修长，剑刃雪亮，通体成雪白色，曼妙之极。	10000	2500	0	0	1	1	0	1	99	140	180008	0	0	0	0	0	0	0	0	0	1	0	0	0	0	0
100323	[c][FF0000]倚天剑[-][/c]	1	0	i00831	百年前由一武林前辈以玄铁与西方玄金所造，后因故断为两截，水盼盼取回后托铸剑山庄庄主任浩然重铸，虽锋锐不减，却较先前为重。	40000	10000	0	0	1	1	0	1	99	410	180008	7	910203	0	0	0	0	0	0	0	1	0	200016	0	水盼盼专属武器	0
130040	清风剑	1	0	i00332	任浩然早年所铸之剑，比一般长剑更长，剑身飘逸，使人有如沐春风之感。	12000	4000	0	0	1	1	0	1	99	165	180008	1	21	3	0	0	0	0	0	0	1	0	0	0	剑术加5%	0
100401	木棍	1	0	i00372	以木头制成的长型兵器。	2000	1000	0	0	1	1	0	1	99	100	180009	0	0	0	0	0	0	0	0	0	8	0	0	0	0	0
100402	齐眉棍	1	0	i00373	全棍以黄蜡杆制成，杆质坚硬，弹性佳，棍身长度与眉毛同高，故称齐眉。	6000	1500	0	0	1	1	0	1	99	150	180009	0	0	0	0	0	0	0	0	0	8	0	0	0	0	0
100403	烧火棍	1	0	i00374	用来翻动炕或灶中柴火的铁棍，过于沉重，基本上不适合当成兵刃使用。	12000	3000	0	0	1	1	0	1	99	190	180009	7	910200	0	0	0	0	0	0	0	8	0	0	0	0	0
100404	疯魔杖	1	0	i00378	传为水浒传中鲁智深所用武具。一旦装备，狂性大发，见血方休。	16000	4000	0	0	1	1	0	1	99	200	180009	7	500162	0	0	0	0	0	0	0	8	0	0	0	0	0
100405	升龙棍	1	0	i00381	此棍两端呈龙头形，使用起来有如真龙护体，轻灵奇巧，内刚外柔。	20000	5000	0	0	1	1	0	1	99	240	180009	1	56	8	0	0	0	0	0	0	8	0	0	0	0	0
100406	定海神针	1	0	i00789	谣传为孙悟空自龙宫夺来之物。孙悟空随三藏法师证道后，此棍便遗留在人间。	24000	6000	0	0	1	1	0	1	99	300	180009	0	0	0	0	0	0	0	0	0	8	0	0	0	0	0
100407	玄铁棍	1	0	i00702	由天外玄铁所铸造而成，极其沉重，内力深厚者，方能运用自如。	40000	10000	0	0	1	1	0	1	99	400	180009	1	51	-8	0	7	910110	0	0	0	8	0	0	(1,3,2500)*(1,11,65)	0	0
100408	牛头叉	1	0	i00515	铁叉部阿傍的成名兵器，由钨金千锤百炼锻造而成，无坚不摧，挡者披靡。	24000	6000	0	0	1	1	0	1	99	280	180009	7	910117	0	0	0	0	0	0	0	8	0	0	0	0	0
100501	飞刀	1	0	i00366	单刃，刀背成直线，无刀脊，较柳叶飞刀为大，传说是当年小李他妈用过的飞刀，可增加暴击机率	8000	2000	0	0	1	1	0	1	99	100	180010	1	53	5	0	0	0	0	0	0	3	0	0	0	0	0
100502	暴雨梨花	1	0	i00384	匣中暗藏二十七枚银针，一经拨动，会瞬间疾射出全数银针。号称出必见血、暗器之王。	14000	3500	0	0	1	1	0	1	99	160	180010	7	100039	0	0	0	0	0	0	0	3	0	0	0	0	0
100503	金钗	1	0	i00818	女性用以绾发之物，单股称簪，双股称钗。	6000	1500	0	0	1	1	0	1	99	120	180011	0	0	0	0	0	0	0	0	0	3	0	0	0	0	0
100504	神剑镖	1	0	i00758	外型如剑的飞镖，据说是某个亡佚的门派擅用的暗器。	8000	2000	0	0	1	1	0	1	99	180	180010	0	0	0	0	0	0	0	0	0	3	0	0	0	0	0
100505	雷震天	1	0	i00727	出于西域，类似霹雳堂的霹雳雷火弹，但杀伤力略逊一筹。	20000	4000	1	0	1	1	0	1	99	150	180010	7	910187	0	0	0	0	0	0	0	3	0	0	(1,11,50)	0	0
100506	离火玄冰镖	1	0	i00386	兵器谱中失传已久的暗器，由玄冰、离火，两种截然不同的材质锻造而成，中者或如烈焰焚身、或如寒冰封脉，威力非常强大。	28000	7000	0	0	1	1	0	1	99	220	180010	7	910192	0	0	0	0	0	0	0	3	0	0	0	0	0
100507	金针	1	0	i00817	即寻常大夫所用的金针。沈湘芸的金针乃为纯金所制，质地极软，需要一定内力才能施针。危急时亦可作为暗器使用。	2400	1200	0	0	1	1	0	1	99	110	180012	0	0	0	0	0	0	0	0	0	3	0	210003	0	沈湘芸专属诊物	0
100508	十六串吕	1	0	i00723	与普通苦无无异，黑冢罗王可一口气连续掷出十六柄，故而得名。	32000	8000	0	0	1	1	0	1	99	250	180010	7	910204	0	0	0	0	0	0	0	3	0	0	(1,23,70)	0	0
100601	毒龙鞭	1	0	i00796	深受毒龙教教众喜爱的长鞭，多以蛇、鳄等爬虫的皮所制成。	2000	1000	0	0	1	1	0	1	99	180	180013	1	43	10	0	1	44	10	0	0	6	0	0	0	暗器应对：10%<br>搏击应对：10%	0
100613	兽王鞭	1	0	i00379	纪玟十岁生辰时，其父送她的祝寿礼物，材质坚韧，十分好使。	12000	3000	0	0	1	1	0	1	99	300	180013	1	43	10	0	1	44	10	0	0	6	0	0	0	暗器应对：10%<br>搏击应对：10%	0
100602	蝎尾鞭	1	0	i00644	奇门兵刃，鞭上不仅全是细刺倒钩，还含有剧毒。	28000	7000	1	0	1	1	0	1	99	240	180013	7	910189	0	0	0	0	0	0	0	6	0	0	0	0	0
100603	神农锄	1	0	i00026	虽然名为神农锄，实际上只是一柄普通的药锄。百草门弟子几乎都带着此物。	10000	2500	0	0	1	1	0	1	99	200	180009	0	0	0	0	0	0	0	0	0	7	0	0	0	0	0
100604	弦箫剑	1	0	i00782	血槽镂空，中有一弦，可凭自身高超琴艺在一根弦上弹出五音。剑柄中空且长，可做玉箫吹奏。	20000	5000	0	0	1	1	0	1	99	200	180014	7	500173	0	0	7	500174	0	0	0	1	0	200020	0	萧复专属武器	0
100605	舞天环	1	0	i00795	由极为坚硬的奇玉所制成。那怕是刀劈斧斫也不会在其上留下一丝痕迹。	16000	4000	0	0	1	1	0	1	99	220	180015	0	0	0	0	0	0	0	0	0	7	0	0	0	<br>附加状态：断筋	0
100606	乌烟	1	0	i00783	史燕所用的匕首，柄中是空心的，启动机关可放出烟雾干扰他人视线，藉此逃之夭夭。	16000	4000	0	0	1	1	0	1	99	160	180016	7	910121	0	0	0	0	0	0	0	7	0	100059	0	史燕专属武器	0
100607	孔雀翎	1	0	i00791	孔雀翎发出来的时候，美丽得像孔雀开屏一样，灿烂辉煌。然而，就在你看得目瞪口呆时，它已经要了你的性命。	28000	7000	0	0	1	1	0	1	99	200	180010	7	910142	0	0	0	0	0	0	0	3	0	0	(1,23,60)	0	0
100608	花开四季	1	0	i00276	唐伯虎亲手所绘之扇，扇面绘有兰、荷、菊、梅四季名花，扇骨所用竹枝用特殊工法炮制过，坚韧若铁。	20000	5000	0	0	1	1	0	1	99	180	180018	7	910195	0	0	0	0	0	0	0	7	0	200044	0	楚绘专属<br>附加状态：驱除	0
100614	江亭谈古	1	0	i00645	唐伯虎亲手所绘之扇，墨色淋漓，山势雄峻，石质坚峭，扇骨使用某无名海岛的特产｢珊瑚金｣制成，称得上是兵中至宝。	28000	7000	1	0	1	1	0	1	99	240	180018	7	910196	0	0	0	0	0	0	0	7	0	200044	0	楚绘专属<br>附加状态：驱除	0
100609	日月双轮	1	0	i00605	奇门兵器，形制为佛门法轮，但轮外遍布利齿。	20000	4000	0	0	1	1	0	1	99	260	180015	0	0	0	0	0	0	0	0	0	7	0	0	0	0	0
100610	珠圆玉润	1	0	i00604	由檀木、羊脂玉所做的算盘。此物并非兵器，乃是塔娅用以演算、推演敌方行动之用。	10000	2500	0	0	1	1	0	1	99	100	180020	7	910199	0	0	0	0	0	0	0	7	0	200022	0	塔娅专属	0
100611	涯角枪	1	0	i00788	枪身上有隶书书就「海角天涯无对」六字，乃是三国名将赵云曾经用过的名枪。	40000	10000	0	0	1	1	0	1	99	375	180019	7	910136	0	0	0	0	0	0	0	8	0	200025	0	罗煞专属	0
100612	鹤嘴	1	0	i00763	型似鹤嘴的药锄，专用以采收根系极深的药材。	8000	2000	0	0	1	1	0	1	99	220	180009	0	0	0	0	0	0	0	0	0	7	0	0	0	0	0
100701	紫蝶绣鞋	1	0	i00606	绣有一对紫蝶的绣花鞋，鞋底暗藏刀刃，可弹出伤敌。	4000	1000	0	0	1	1	0	1	99	130	180017	1	51	2	0	0	0	0	0	0	4	0	200000	0	0	0
100702	凌波踏霜	1	0	i00607	做工极其精致的绣花鞋，鞋底乃是寒地白熊掌上之皮，在冰上仍能步行如飞。	10000	2500	0	0	1	1	0	1	99	180	180017	1	51	4	0	0	0	0	0	0	4	0	200000	0	0	0
100703	惊鸿靴	1	0	i00608	以奇异珍禽之皮所制，坚韧柔软，刀剑难伤。踝侧有羽翼状的装饰，故此得名。	24000	6000	0	0	1	1	0	1	99	240	180017	1	41	15	0	1	42	15	0	0	4	0	200027	0	0	0
100704	虎步龙行	1	0	i00728	以白虎与巨鳄两大猛兽的皮做成的护腿，兼具活动性与防御。	20000	5000	0	0	1	1	0	1	99	200	180017	1	52	5	0	1	53	5	0	0	4	0	200027	0	0	0
100961	银狐飞絮	1	0	i00639	银白色的长靴，轻灵柔韧，兼而有之。	28000	7000	1	0	1	1	0	1	99	220	180017	1	4	1	0	0	0	0	0	0	4	0	200000,200027	(1,14,65)	0	0
100954	七彩云霞	1	0	i00632	传闻中紫霞仙子足踏七彩云霞，前往会见自己的情人。	36000	9000	0	0	1	1	0	1	99	280	180017	7	900141	0	0	0	0	0	0	0	4	0	200000	(1,14,80)	0	0
100801	粗布背心	2	0	i00387	寻常百姓穿着的粗布背心，虽然没有多少防御能力，但透气耐穿，很受农民们欢迎。	1600	800	0	0	1	1	0	1	1	100	0	0	0	0	0	0	0	0	0	0	0	0	0	0	0	0
100802	藤甲	2	0	i00388	以特殊藤条编制而成，可防御轻量兵器、软兵器。	4000	2000	0	0	1	1	0	1	1	200	0	1	46	10	0	1	43	10	0	0	0	0	0	0	0	0
100803	布衣	2	0	i00400	寻常的布衣，没有甚么特别的，仅有基础的御寒作用。	2400	1200	0	0	1	1	0	1	1	150	0	0	0	0	0	0	0	0	0	0	0	0	0	0	0	0
100804	皇图	2	0	i00393	以上等蜀锦缝制而成，质地精细、华丽，是有钱公子哥儿的象征。	8000	4000	0	0	1	1	0	1	1	300	0	1	56	2	0	0	0	0	0	0	0	0	98	0	0	0
100805	绫罗衫	2	0	i00609	绫罗绸缎制成的华服，看上去高贵而华美，穿起来十分舒适。	16000	8000	0	0	1	1	0	1	1	450	0	1	58	4	0	0	0	0	0	0	0	0	99	0	0	0
100806	无常衫	2	0	i00610	让寒暄都吹成风，让重逢全做成梦。来让所有遗憾，沦为所谓遗忘，应了那句无常。	10000	5000	0	0	1	1	0	1	1	350	0	1	57	3	0	0	0	0	0	0	0	0	99	0	0	0
100807	血玲珑	2	0	i00611	只有如夜叉，花道常等婀娜姣好的身材、充满野性的美感才撑得起这套服装。暴露、冷艳又充满危险的诱惑，是一种跨时代的设计理念。	24000	12000	0	0	1	1	0	1	1	600	0	7	910101	0	0	7	910100	0	0	0	0	0	999036,999049,999062	0	0	0
100808	金铃白绸	2	0	i00612	白衣兮兮，有若出尘仙子，衣带上的铃铛在行动时会发出悦耳的声响。	24000	12000	1	0	1	1	0	1	1	750	0	7	910103	0	0	0	0	0	0	0	0	0	99	0	0	0
100809	铁甲	2	0	i00390	以铁片缝制而成的冑甲，多为战场士兵所穿。	6000	3000	0	0	1	1	0	1	1	420	0	1	51	-3	0	0	0	0	0	0	0	0	0	0	0	0
100810	金蚕宝衣	2	0	i00391	以上等天蚕丝与黄金精铸而成的宝甲，有着十分不俗的防护力，价格也十分惊人。	40000	20000	0	0	1	1	0	1	1	1200	0	7	500151	0	0	0	0	0	0	0	0	0	0	0	0	0
100811	明光甲	2	0	i00392	在铁甲前胸部位放置两面护心镜，加强防护。	10000	5000	0	0	1	1	0	1	1	500	0	0	0	0	0	0	0	0	0	0	0	0	0	0	0	0
100812	正气甲	2	0	i00394	传闻为宋代大将岳飞死前所穿战甲，充满浩然正气。	16000	8000	0	0	1	1	0	1	1	600	0	7	500150	0	0	0	0	0	0	0	0	0	0	0	0	0
100813	金刚甲	2	0	i00395	相传为怒目金刚所有，看似沉重，实则轻盈几无重量。	16000	8000	0	0	1	1	0	1	1	950	0	0	0	0	0	0	0	0	0	0	0	0	0	0	0	0
100814	炼神甲	2	0	i00396	将邪之子，炼神所制之甲，刀枪不入，水火不侵。	20000	10000	0	0	1	1	0	1	1	1200	0	0	0	0	0	0	0	0	0	0	0	0	0	0	0	0
100815	五色甲	2	0	i00397	甲上有五色，相传为女娲补天所用之五色石所制，具有神秘力量。	20000	10000	0	0	1	1	0	1	1	900	0	7	910102	0	0	0	0	0	0	0	0	0	0	0	0	0
100816	黑天	2	0	i00398	全套漆黑，光滑无比。	8000	4000	0	0	1	1	0	1	1	480	0	0	0	0	0	0	0	0	0	0	0	0	0	0	0	0
100817	霹雳宝甲	2	0	i00399	全由麟甲制成，具有优越防御力及活动性。	36000	18000	0	0	1	1	0	1	1	1600	0	0	0	0	0	0	0	0	0	0	0	0	0	0	0	0
100818	软猬甲	2	0	i00613	据说是当年桃花岛东邪所张罗的宝物。非但刀枪不入，还满布倒钩，若敌人以肉掌相击，必为其所伤，被称为天下第一护甲。	40000	20000	0	0	1	1	0	1	1	1100	0	7	500153	0	0	0	0	0	0	0	0	0	0	0	0	0
100960	虎鲨劲装	2	0	i00638	全套使用鲨鱼皮制成，柔韧异常，滑溜无比。	10000	5000	0	0	1	1	0	1	1	150	0	1	51	6	0	0	0	0	0	0	0	0	0	0	0	0
130038	乌蚕背心	2	0	i00624	以乌蚕丝编织而成的背心，质地轻软坚韧，可抵御内劲冲击。	24000	12000 	0	0	1	1	0	1	1	800	0	7	500152	0	0	0	0	0	0	0	0	0	0	0	气血增加：850、抗暴加3%	0
100901	玉鸟纹佩	3	0	i00402	玉有象征君子美德之意，玉佩上雕刻之花纹，常具有古老的图腾意义，此玉即为商朝对象。	10000	5000	0	0	1	1	0	7	910206	0	0	0	0	0	0	0	0	0	0	0	0	0	0	0	0	0
100902	夜明珠	3	0	i00825	极为珍贵的宝珠，会发出相当耀眼的光芒。	10000	5000	0	0	1	1	0	7	910104	0	0	0	0	0	0	0	0	0	0	0	0	0	0	0	0	0
100903	合浦珍珠	3	0	i00826	十分名贵的珍珠，价值不斐，据说配戴者的内力运转会更为顺畅。	8000	4000	1	0	1	1	0	1	3	150	0	0	0	0	0	0	0	0	0	0	0	0	0	0	0	0
100904	武林宝典	3	0	i00408	少年英雄会的奖品。传说是英雄小虾米撰写的武学心得书，配戴可以提升出招的威力。	10000	5000	0	0	1	1	0	1	99	100	0	0	0	0	0	0	0	0	0	0	0	0	0	0	0	0
100905	月牙御守	3	0	i00425	流传自东瀛的护符，充满大和神祇的力量，据说配戴者会得到幸运。	10000	5000	0	0	1	1	0	1	52	6	0	0	0	0	0	0	0	0	0	0	0	0	0	0	0	0
100906	绿山水画伞	3	0	i00426	杭州有名的画伞，多为骚人墨客、贵族千金所爱。	10000	5000	1	0	1	1	0	7	910105	0	0	0	0	0	0	0	0	0	0	0	0	0	0	0	0	0
100907	丐帮布袋	3	0	i00429	丐帮中人的布袋，上头沾满油垢、污腻、鼻涕浓痰还有各种你不会想知道是什么的物事，亏得你想带在身边。	200	100	0	0	1	1	0	7	910050	0	0	0	0	0	0	0	0	0	0	0	0	0	0	0	0	0
100908	灌铅骰子	3	0	i00430	诈赌用的道具，你值得拥有。	10000	2500	1	0	1	1	0	7	500076	0	0	7	910106	0	0	0	0	0	0	0	0	0	0	0	0	0
100909	唤蛇笛	3	0	i00431	据说吹奏此笛可控制蛇的行动。	10000	2500	1	0	1	1	0	7	910051	0	0	0	0	0	0	0	0	0	0	0	0	0	0	0	0	0
100910	七色琉璃珠	3	0	i00432	在英雄小虾米故居发现的神奇宝珠。	10000	2500	0	0	1	1	0	1	45	30	0	0	0	0	0	0	0	0	0	0	0	0	0	0	0	0
100911	兽王戒	3	0	i00421	兽王庄的信物，充满万兽之王的威严，戴上去会感觉浑身充满野兽之力。	10000	2500	0	0	1	1	0	1	53	6	0	0	0	0	0	0	0	0	0	0	0	0	0	0	0	0
100912	天师护符	3	0	i00419	由天师加持过的护符，具有神秘的力量，信不信由你。	10000	2500	0	0	1	1	0	7	910052	0	0	0	0	0	0	0	0	0	0	0	0	0	0	0	0	0
100913	玩具木剑	3	0	i00433	荆棘儿时所雕的玩具木剑。	4000	1000	0	0	1	1	0	1	99	50	0	0	0	0	0	0	0	0	0	0	0	0	0	0	0	0
100914	蛇雕像	3	0	i00434	蛇的雕像，配戴后可以加强破索20点。	5000	1250	0	0	1	1	0	1	46	20	0	0	0	0	0	0	0	0	0	0	0	0	0	0	0	0
100915	鱼雕像	3	0	i00435	鱼的雕像，配戴后可以加强破箭20点。	5000	1250	0	0	1	1	0	1	43	20	0	0	0	0	0	0	0	0	0	0	0	0	0	0	0	0
100916	龟雕像	3	0	i00436	龟的雕像，配戴后可以加强破枪20点。	5000	1250	0	0	1	1	0	1	48	20	0	0	0	0	0	0	0	0	0	0	0	0	0	0	0	0
100917	蟹雕像	3	0	i00437	蟹的雕像，配戴后可以加强破刀20点。	5000	1250	0	0	1	1	0	1	42	20	0	0	0	0	0	0	0	0	0	0	0	0	0	0	0	0
100918	蛙雕像	3	0	i00438	蛙的雕像，配戴后可以加强破掌20点。	5000	1250	0	0	1	1	0	1	44	20	0	0	0	0	0	0	0	0	0	0	0	0	0	0	0	0
100919	鹤雕像	3	0	i00439	鹤的雕像，配戴后可以加强破剑20点。	5000	1250	0	0	1	1	0	1	41	20	0	0	0	0	0	0	0	0	0	0	0	0	0	0	0	0
100920	接骨木魔杖	3	0	i00456	充满着不祥力量的东西，靠近它还会听到「噢…就快了，我的主人…」	20000	5000	0	0	1	1	0	7	910053	0	0	0	0	0	0	0	0	0	0	0	0	0	0	0	0	0
100921	圣火令	3	0	i00762	传说当年明教三使的令牌，上头纪载着十分诡谲的武功。	20000	5000	0	0	1	1	0	7	500014	0	0	0	0	0	0	0	0	0	0	0	0	0	0	0	0	0
100922	观音明心鼎	3	0	i00460	由峨嵋祖师郭襄赠与少林寺的宝物，在此鼎中焚香散发出的清香可以让人更加集中精神。	10000	2500	0	0	1	1	0	7	910107	0	0	0	0	0	0	0	0	0	0	0	0	0	0	0	0	0
100923	金饭碗	3	0	i00709	纯金海碗，碗中刻有「奉旨行乞」四个大字，充满了王霸之气，让你挺着腰杆子，把钱给挣了。	20000	5000	0	0	1	1	0	7	910055	0	0	0	0	0	0	0	0	0	0	0	0	0	0	0	0	0
100924	菊花	3	0	i00229	菊花淡雅宜人之花种，有花熏百草之誉。	10000	2500	0	0	1	1	0	7	910057	0	0	0	0	0	0	0	0	0	0	0	0	0	0	0	0	0
100926	山茶花	3	0	i00230	山茶花别名曼陀罗，大理名花。有傲雪迎春之誉。	10000	2500	0	0	1	1	0	7	910058	0	0	0	0	0	0	0	0	0	0	0	0	0	0	0	0	0
100925	兰花	3	0	i00231	兰花别称花中君子，时人誉其气清、色清、神清、韵清。	10000	2500	0	0	1	1	0	7	910057	0	0	0	0	0	0	0	0	0	0	0	0	0	0	0	0	0
100927	藏海花	5	0	i00232	生长在辽东藏海岛的奇花，拥有医治奇毒的神效。	10000	2500	0	0	0	3	0	0	0	0	0	0	0	0	0	0	0	0	0	0	0	0	0	0	0	0
100928	火红金丹	3	0	i00228	名贵的牡丹花种，瑰艳绝代，不可方物。	10000	2500	0	0	1	1	0	7	910061	0	0	0	0	0	0	0	0	0	0	0	0	0	0	0	0	0
100929	醉芙蓉	3	0	i00502	醉芙蓉为成都城花，花色一日三变，婀娜多姿，为名贵品种。	10000	2500	0	0	1	1	0	7	910062	0	0	0	0	0	0	0	0	0	0	0	0	0	0	0	0	0
100930	湖笔徽墨	3	0	i00816	浙江湖州善琏镇所产之笔，及著名墨工奚超与其子延珪所研发之墨。	2000	500	0	0	1	1	0	0	0	0	0	0	0	0	0	0	0	0	0	0	0	0	0	0	0	0
100931	鬼面蝎	3	0	i00730	你怎么会想把这种东西带在身边！！	2000	500	0	0	1	1	0	0	0	0	0	0	0	0	0	0	0	0	0	0	0	0	0	0	0	0
100932	蛇王	3	0	i00815	沈澜以各式毒物药材所喂养的蛇，较一般蛇类更为凶猛，带在身边可不惧其他毒物。	2000	500	0	0	1	1	0	7	910205	0	0	0	0	0	0	0	0	0	0	0	0	0	0	0	0	0
100933	熊胆	4	0	i00088	珍贵的药材，服用后可恢复内力七成。	3000	1500	0	0	1	2	1	17	0	70	0	0	0	0	0	0	0	0	0	0	0	0	0	0	0	0
100934	熊掌	5	0	i00083	是一种十分珍贵的食材，可以拿去卖钱。	4000	2000	0	0	1	1	0	0	0	0	0	0	0	0	0	0	0	0	0	0	0	0	0	0	0	0
100935	熊皮披风	3	0	i00091	虽然看起来威风凛凛，但我敢跟你保证，披着它上街，你将会遭到动保团体的强烈挞伐。	8000	2000	1	0	1	1	0	1	1	250	0	0	0	0	0	0	0	0	0	0	0	0	0	0	0	0
100936	亚古兽神盔	3	0	i00008	是一个戴上会让你出戏的玩意，但是却天杀的强。	99999	1	0	0	1	1	0	1	1	2000	0	0	0	0	0	0	0	0	0	0	0	0	0	0	0	0
100937	绕梁琴	3	0	i00370	仙音赠给谷月轩的寿礼，漆面裂纹至少七百年，实际上是仙音以内力加工制成。后由谷月轩转赠给萧复、水盼盼二人。	10000	2500	0	0	1	1	0	7	910074	0	0	0	0	0	0	0	0	0	0	0	0	0	200016,200020	0	0	0
100938	投名状	3	0	i00548	象征着兄弟与情义！	10000	2500	0	0	1	1	0	7	910064	0	0	0	0	0	0	0	0	0	0	0	0	0	0	0	0	0
100939	达摩像	3	0	i00731	以上等原木雕刻而成的佛像，充满着普渡众生的佛之气息。	10000	2500	0	0	1	1	0	7	910065	0	0	0	0	0	0	0	0	0	0	0	0	0	0	0	0	0
100940	臭垢丸	3	0	i00708	你丫的一定是疯了才想把这种恶心玩意带在身上，爱干净的人不可能配戴这玩意儿。	100	25	0	0	1	1	0	7	910063	0	0	0	0	0	0	0	0	0	0	0	0	0	98	0	0	0
100941	西洋怀表	3	0	i00757	西方传教士带来中国的神奇物事，精巧非凡。	10000	2500	0	0	1	1	0	7	910066	0	0	0	0	0	0	0	0	0	0	0	0	0	0	0	0	0
100942	酒仙胡芦	3	0	i00132	醉仙喝酒常用的葫芦，里头散发着一股清新的酒香。配戴者可以得到飘飘欲仙状态，得以于战斗中提高回避率并恢复小额内力。	10000	2500	0	0	1	1	0	7	910005	0	0	0	0	0	0	0	0	0	0	0	0	0	0	0	0	0
100943	香包	3	0	i00614	香包多用丝绸制成，内装雄黄、熏草、艾叶等香料，可做把玩欣赏、寄情寓志之用。又因填有特殊的中药材，故兼具驱邪爽神功效。	10000	2500	0	0	1	1	0	7	910205	0	0	0	0	0	0	0	0	0	0	0	0	0	0	0	0	0
100944	翡翠护符	3	0	i00536	翡翠之名源于一种生活在南方的鸟，这种鸟羽毛鲜艳，雄性呈红色，名翡鸟，雌性呈绿色，名翠鸟，合称翡翠。而此护符质地细嫩而通体透彻，光泽圆润而深邃晶莹，蕴含极深厚的灵秀之气。	10000	2500	0	0	1	1	0	7	910097	0	0	0	0	0	0	0	0	0	0	0	0	0	0	0	0	0
100945	黑玉镯	3	0	i00615	乌沉沉的一只玉镯，虽然不起眼，却是刀枪不入的至宝。传说是当年神雕侠结识的奇人异士们赠与峨嵋祖师婆婆的生日贺礼。	10000	2500	0	0	1	1	0	1	41	30	0	1	42	30	0	1	43	30	0	0	0	0	0	0	0	0
100946	朱玉金簪	3	0	i00185	纯金制成的发簪，簪头镶嵌着和田红玉，形式古朴典雅，做工十分精致。	10000	2500	0	0	1	1	0	1	51	6	0	0	0	0	0	0	0	0	0	0	0	0	99	0	0	0
100947	裂开的玉镯子	3	0	i00647	一只普通的玉镯子，上面有裂痕。	1000	250	0	0	1	1	0	1	51	3	0	0	0	0	0	0	0	0	0	0	0	0	0	0	0	0
110001	逍遥散	4	0	i00742	逍遥散的功能可以恢复气血三成，恢复内力五成，解负向状态一个。	3000	2000	0	0	1	2	1	16	0	30	0	17	0	50	0	18	0	1	0	0	0	0	0	0	0	0
110002	再造膏	4	0	i00802	再造膏的功能可以恢复气血四成	1600	800	0	0	1	2	1	16	0	40	0	0	0	0	0	0	0	0	0	0	0	0	0	0	0	0
110003	承气散	4	0	i00739	承气散的功能可以恢复内力六成	1600	800	0	0	1	2	1	17	0	60	0	0	0	0	0	0	0	0	0	0	0	0	0	0	0	0
110004	黑玉断续膏	4	0	i00761	黑玉断续膏的功能可以恢复气血三千点，并解除负向状态四个。	4000	2000	0	0	1	2	1	18	0	4	0	8	0	3000	0	0	0	0	0	0	0	0	0	0	0	0
110005	天香断续胶	4	0	i00755	天香断续胶的功能可以恢复气血六千点，并解除负向状态八个。	8000	4000	0	0	1	2	1	18	0	8	0	8	0	6000	0	0	0	0	0	0	0	0	0	0	0	0
110006	九转还魂丹	4	0	i00753	可以将气血与内力恢复到全满。	10000	5000	0	0	1	2	1	16	0	100	0	17	0	100	0	0	0	0	0	0	0	0	0	0	0	0
110007	双冲饮	4	0	i00809	双冲饮的功能可以恢复气血四成，内力六成。	3600	1800	0	0	1	2	1	16	0	40	0	17	0	60	0	0	0	0	0	0	0	0	0	0	0	0
110008	三黄宝腊丹	4	0	i00733	三黄宝腊丹的功能可以恢复气血五成，恢复内力七成，解负向状态三个。	6000	3000	0	0	1	2	1	16	0	50	0	17	0	70	0	18	0	3	0	0	0	0	0	0	0	0
110009	青龙散	4	0	i00806	青龙散的功能可以提高暴击率、提高命中。	800	400	0	0	1	2	1	7	500033	0	0	7	500056	0	0	0	0	0	0	0	0	0	0	0	0	0
110010	茯苓首乌丸	4	0	i00811	服用以后可以恢复气血四成，内力六成，解负向状态一个。	4200	2100	0	0	1	2	1	16	0	40	0	17	0	60	0	18	0	1	0	0	0	0	0	0	0	0
110011	田七鲨胆散	4	0	i00732	服用以后可以恢复气血五成，内力七成，解负向状态二个。	5600	2800	0	0	1	2	1	16	0	50	0	17	0	70	0	18	0	2	0	0	0	0	0	0	0	0
110012	九花玉露丸	4	0	i00738	服用以后可以恢复气血六成，内力八成，解负向状态三个。	10000	5000	0	0	1	2	1	16	0	60	0	17	0	80	0	18	0	3	0	0	0	0	0	0	0	0
110013	十全大补丹	4	0	i00308	提高气血最大值五十点，内力一百点。	20000	10000	0	0	1	1	1	1	3	100	0	1	1	50	0	0	0	0	0	0	0	0	0	0	0	0
110014	牛黄血竭丹	4	0	i00800	立即解除两个负向状态，三回合内每回合解除两个负向状态。	800	400	0	0	1	2	1	18	0	2	0	7	100133	0	0	0	0	0	0	0	0	0	0	0	0	0
110015	通犀地龙丸	4	0	i00810	解除三个负向状态，三回合内每回合解除两个负向状态。	1200	600	0	0	1	2	1	18	0	3	0	7	100133	0	0	0	0	0	0	0	0	0	0	0	0	0
110016	胭脂泪	4	0	i00447	恢复气血三成并解除两个负向状态。	1600	800	0	0	1	2	1	16	0	30	0	18	0	2	0	0	0	0	0	0	0	0	0	0	0	0
110017	千锤百炼丹	4	0	i00799	提高臂力三点的神药。	20000	5000	0	0	1	1	1	1	11	3	0	0	0	0	0	0	0	0	0	0	0	0	0	0	0	0
110018	飘飘丸	4	0	i00305	提高身法三点的神药。	20000	5000	0	0	1	1	1	1	14	3	0	0	0	0	0	0	0	0	0	0	0	0	0	0	0	0
110019	洗髓再造丹	4	0	i00807	提高根骨三点的神药。	20000	5000	0	0	1	1	1	1	12	3	0	0	0	0	0	0	0	0	0	0	0	0	0	0	0	0
110020	神恩通慧丹	4	0	i00808	提高悟性三点的神药。	20000	5000	0	0	1	1	1	1	13	3	0	0	0	0	0	0	0	0	0	0	0	0	0	0	0	0
110021	千年人参	4	0	i00734	提高气血最大值二百点。	20000	5000	0	0	1	1	1	1	1	200	0	0	0	0	0	0	0	0	0	0	0	0	0	0	0	0
110022	大王蛇胆	4	0	i00087	提高内力最大值五十点。	10000	2500	0	0	1	1	1	1	3	50	5	0	5000	0	0	0	0	0	0	0	0	0	0	0	0	0
110023	朱蛤	4	0	i00156	服用以后，可以得到百毒不侵的天赋！	32000	8000	0	0	1	1	0	0	0	0	0	0	0	0	0	0	0	0	0	0	0	0	0	0	0	0
110024	玉蜂浆	4	0	i00737	一种雪白如玉的蜜蜂所产的蜂蜜，芬芳清香，服用后可回复内力四成，并获得辟毒状态。	2000	500	0	0	1	2	1	17	0	40	0	7	500093	0	0	0	0	0	0	0	0	0	0	0	0	0
110025	怪鲶鱼	4	0	i00072	提高气血最大值一百点。	10000	2500	0	0	1	1	1	1	1	100	0	0	0	0	0	0	0	0	0	0	0	0	0	0	0	0
110026	机关武偶	3	0	i00741	配戴后可提高攻击力一百点	10000	2500	0	0	1	1	0	1	99	100	0	0	0	0	0	0	0	0	0	0	0	0	0	0	0	0
110027	回阳五龙膏	4	0	i00827	服用以后可以恢复气血七成。	3200	800	0	0	1	2	1	16	0	70	0	0	0	0	0	0	0	0	0	0	0	0	0	0	0	0
110028	三顺散	4	0	i00828	三顺散可以恢复气血三成，内力三成。	2400	600	0	0	1	2	1	16	0	30	0	17	0	30	0	0	0	0	0	0	0	0	0	0	0	0
110031	腊八粥	4	0	i00754	传说中侠客岛主用独门秘方熬煮出来的粥，其中一味｢断肠蚀骨腐心草｣，每隔十年才开一次花。这碗腊八粥呈深绿之色，服用以后可大幅提升气血与内力！	48000	12000	0	0	1	1	1	1	1	300	0	1	3	100	0	0	0	0	0	0	0	0	0	0	0	0
110032	神鱼	4	0	i00070	提高气血最大值三百点。	32000	8000	0	0	1	1	1	1	1	300	0	0	0	0	0	0	0	0	0	0	0	0	0	0	0	0
110033	老鼠肉	4	0	i00743	被阿吉啃过的老鼠肉，十分可怕的东西。吃下去不知道会造成什么恐怖的后果......	200	100	0	0	1	2	0	7	900092	0	0	7	910075	0	0	0	0	0	0	0	0	0	0	0	0	0
110034	玄冰烈火酒	4	0	i00735	服用以后，可以取得天赋阴阳错脉。	32000	8000	0	0	1	2	0	0	0	0	0	0	0	0	0	0	0	0	0	0	0	0	0	0	0	0
110035	黑蚂蚁升精丸	4	1	i00441	由秘医丘伯所研制的秘药，吃了以后力大无穷，精神无比！可以大幅度提高攻击与防御力。<br>食用效果：三回合内，输出提升20%，减伤20%	200	50	0	0	1	2	0	7	910036	0	0	0	0	0	0	0	0	0	0	0	0	0	0	0	0	0
110036	西湖醋鱼	4	1	i00494	此菜为名厨宋嫂所研发，以吐净泥沙的西湖草鱼，用三四分火侯烫烤，抹上糖醋而成。外酥内透，清新酸甜。<br>食用效果：战斗中回复气血15%，持续三回合	200	50	0	0	1	2	0	7	910037	0	0	0	0	0	0	0	0	0	0	0	0	0	0	0	0	0
110037	道口烧鸡	4	1	i00097	状如元宝为型绝﹔抹以蜂蜜，烹炸着色为色绝﹔以八味作料佐以陈年老汤为味绝﹔火候到家为熟烂之绝。<br>食用效果：五回合内，反击时恢复20%气血	200	50	0	0	1	2	0	7	910038	0	0	0	0	0	0	0	0	0	0	0	0	0	0	0	0	0
110038	龙井虾仁	4	1	i00495	将清明节前采下的龙井新茶的嫩叶与清河虾仁一起烹调，而制成此具新茶清香与虾仁甘美的菜肴。<br>食用效果：战斗中回复内力10%，持续五回合	200	50	0	0	1	2	0	7	910039	0	0	0	0	0	0	0	0	0	0	0	0	0	0	0	0	0
110039	叫化子鸡	4	1	i00496	要做此菜需将鸡的内脏除去并填入多种佐料，用猪油、荷叶、箬壳分层包裹、扎紧，再涂上黄泥，最后放入火中煨烤而成。<br>食用效果：战斗中回复气血10%，持续五回合	200	50	0	0	1	2	0	7	910040	0	0	0	0	0	0	0	0	0	0	0	0	0	0	0	0	0
110040	东坡肉	4	1	i00497	由苏轼发明。用皮薄肉嫩的上选五花猪肉，加入精酿的绍兴黄酒，以小火焖烧而成。<br>食用效果：五回合内，暴击时恢复20%气血	200	50	0	0	1	2	0	7	910041	0	0	0	0	0	0	0	0	0	0	0	0	0	0	0	0	0
110041	开水白菜	4	1	i00498	以鸡汤熬煮新鲜的白菜心，鸡汤乃以慢火熬煮数时辰之浓郁汤头。<br>食用效果：三回合内，每回合固定清除自身负向状态一个	200	50	0	0	1	2	0	7	910043	0	0	0	0	0	0	0	0	0	0	0	0	0	0	0	0	0
110042	蜜汁火腿	4	1	i00524	将金华火腿用温水洗净，放于锅中沸水以小火熬煮去掉重咸味。<br>食用效果：战斗中回复内力15%，持续三回合	200	50	0	0	1	2	0	7	910044	0	0	0	0	0	0	0	0	0	0	0	0	0	0	0	0	0
110043	人参鸡汤	4	1	i00812	营养丰富的鸡汤，是十分温补的食物，适合冬令进补。<br>食用效果：四回合内，固定恢复8%气血8%内力	200	50	0	0	1	2	0	7	910045	0	0	0	0	0	0	0	0	0	0	0	0	0	0	0	0	0
110044	阎家羊肉汤	4	1	i00099	调料配置适当，汤味鲜美，闻名豫西城乡。<br>食用效果：五回合内，闪避时恢复20%气血	200	50	0	0	1	2	0	7	910046	0	0	0	0	0	0	0	0	0	0	0	0	0	0	0	0	0
110045	鲤鱼焙面	4	1	i00095	产自洛阳的地道鲤鱼，配上入味的焙面，香嫩可口。<br>食用效果：降低周围敌人闪避	200	50	0	0	1	2	0	7	910047	0	0	0	0	0	0	0	0	0	0	0	0	0	0	0	0	0
110046	小还丹	4	0	i00297	战斗中可使用于我方任一人身上，令其恢复气血三成，距离2格。	1000	500	0	0	1	2	0	15	140101	0	0	0	0	0	0	0	0	0	0	0	0	0	0	0	0	0
110047	麻婆豆腐	4	1	i00075	成都名菜，洋溢着年芙蓉对夏侯飞的心意。可不要嘴馋偷吃了！使用可提高气血最大值50	200	50	0	0	1	1	1	1	1	50	0	0	0	0	0	0	0	0	0	0	0	0	0	0	0	0
110048	肉包子	4	1	i00442	香喷喷的肉包，又大又好吃。<br>食用效果：恢复气血30%	200	50	0	0	1	2	0	16	0	30	0	0	0	0	0	0	0	0	0	0	0	0	0	0	0	0
110049	五宝花蜜酒	4	1	i00128	毒龙教酿制的酒，酒水中飘浮着毒虫，让人望而生畏。<br>食用效果：得到噬气状态并免疫中毒	2400	600	0	0	1	2	0	7	500093	0	0	7	500023	0	0	0	0	0	0	0	0	0	0	0	0	0
110050	咸鱼	4	1	i00616	又臭又咸又干，怎么会有人喜欢吃它的。<br>食用效果：持续恢复气血5%、内力10%	320	100	0	0	1	2	0	7	500057	0	0	0	0	0	0	0	0	0	0	0	0	0	0	0	0	0
110051	小白豆浆	4	1	i00096	驰名洛阳的豆浆，香、浓、醇。<br>食用效果：恢复气血30%	200	100	0	0	1	2	0	16	0	30	0	0	0	0	0	0	0	0	0	0	0	0	0	0	0	0
110052	夫妻肺片	4	1	i00499	以牛杂、猪杂切成薄片，用酱油、红油、辣椒、花椒等佐料卤煮或凉拌做成的料理。吃来麻辣鲜香，非常下饭。<br>食用效果：暴击率增加10%，持续五回合	200	50	0	0	1	2	0	7	910114	0	0	0	0	0	0	0	0	0	0	0	0	0	0	0	0	0
110053	三丝敲鱼	4	1	i00525	炒锅中放入清汤，放进鱼片，菜心，精盐，料酒，烧开后加入香菇丝，熟鸡脯丝，熟火腿丝，淋上熟鸡油即可。<br>食用效果：反击率增加10%，持续五回合	200	50	0	0	1	2	0	7	910112	0	0	0	0	0	0	0	0	0	0	0	0	0	0	0	0	0
110054	洛阳燕菜	4	1	i00098	又名伪燕菜，金枝玉叶。划萝卜为牡丹，佐以山珍海味烹调成羹，味道香美爽口。<br>食用效果：闪避率增加10%，持续五回合	200	50	0	0	1	2	0	7	910113	0	0	0	0	0	0	0	0	0	0	0	0	0	0	0	0	0
110055	担担面	4	1	i00619	四川的特产小吃，得名于挑担叫卖的传统。其面条细滑，主要佐料有红辣椒油、肉末、蒜末和葱花等，口味油香麻辣，相当适口。<br>食用效果：防御力增加10%，持续五回合	200	50	0	0	1	2	0	7	910150	0	0	0	0	0	0	0	0	0	0	0	0	0	0	0	0	0
110056	桂圆红枣鸡汤	4	1	i00423	用最肥嫩上等的放山鸡，搭配桂圆、红枣等佐料炖煮的鸡汤。馥郁浓厚，味甘性温，具有补中益气的效果。<br>食用效果：提高内力最大值30	200	50	0	0	1	1	1	1	3	30	0	0	0	0	0	0	0	0	0	0	0	0	0	0	0	0
110057	包叶智慧果	4	0	i00813	北丑最喜欢的东西，比一般智慧果更加厉害，可以得到3万点经验！但小心吃多会得口腔癌。	30000	15000	0	0	1	1	0	5	0	30000	0	0	0	0	0	0	0	0	0	0	0	0	0	0	0	0
120001	刀山剑岳精要	6	0	i00745	无瑕子将逍遥派刀法、剑法整理出精要，替荆棘所谱写的武诀。	2500	2500	0	0	1	1	0	3	100003	0	200069	0	0	0	0	0	0	0	0	0	0	0	210002	0	0	0
120002	阴错阳差感悟	6	0	i00745	谷月轩与西门峰、夏侯非一战后，将二人招式整理、口述给荆棘琢磨后的感悟。	2500	2500	0	0	1	1	0	3	100004	0	200069	0	0	0	0	0	0	0	0	0	0	0	210002	(1,14,52)	0	0
120003	摩诃无量感悟	6	0	i00748	对天剑门与绝刀门的武功，已了然于胸的荆棘，在刀剑门圣地凌云窟见到当年英雄小虾米留下的遗刻后，获得的珍贵感悟。	2500	2500	0	0	1	1	0	3	100005	0	200069	0	0	0	0	0	0	0	0	0	0	0	210002	(1,13,72)	0	0
120004	幽冥十三式感悟	6	0	i00749	能接下剑圣的三招，实是非同小可。剑圣的一招一式，看在荆棘眼中，都是无上的瑰宝。	2500	2500	0	0	1	1	0	3	100006	0	200069	0	0	0	0	0	0	0	0	0	0	0	210002	(1,13,80)	0	0
120005	坎离水火剑精要	6	0	i00745	隐元阁主岳在渊融会金屋刀法与雪山剑法，所创的双武精要。	2500	2500	0	0	1	1	0	3	100007	0	200069	0	0	0	0	0	0	0	0	0	0	0	210002	(1,14,63)	0	0
120006	抖鳞虎扑式感悟	6	0	i00745	荆棘在与阿傍单挑时获得的感悟，为荆棘自创的招式。	2500	2500	0	0	1	1	0	3	100008	0	200069	0	0	0	0	0	0	0	0	0	0	0	210002	(1,11,70)	0	0
120007	古月照今尘感悟	6	0	i00747	自胡家刀法与苗家剑法得出的武学感悟。	2500	2500	0	0	1	1	0	3	100009	0	200069	0	0	0	0	0	0	0	0	0	0	0	0	(1,13,68)	0	0
120008	天山六阳掌精要	6	0	i00750	逍遥派进阶武功，需辅以强大内力。	2500	2500	0	0	1	1	0	3	100012	0	200069	0	0	0	0	0	0	0	0	0	0	0	210001	0	0	0
120009	天山折梅手精要	6	0	i00751	逍遥派武功，化尽天下兵刃于手法之中。	2500	2500	0	0	1	1	0	3	100013	0	200069	0	0	0	0	0	0	0	0	0	0	0	0	(1,14,65)	0	0
120010	开太极精要	6	0	i00747	张三丰所创的太极拳中，最精妙玄奥的招式。	2500	2500	0	0	1	1	0	3	100016	0	200069	0	0	0	0	0	0	0	0	0	0	0	210004	(1,12,75)	0	0
120011	苍天有极精要	6	0	i00746	江天雄家传绝技，天罡拳的最后一式。	2500	2500	0	0	1	1	0	3	100019	0	200069	0	0	0	0	0	0	0	0	0	0	0	100075	(1,11,65)	0	0
120012	龙战于野精要	6	0	i00744	降龙十八掌中威力最大的一掌，取自易经中的干卦。	2500	2500	0	0	1	1	0	3	100022	0	200069	0	0	0	0	0	0	0	0	0	0	0	210009	(1,11,70)	0	0
120013	醉拳精要	6	0	i00752	由醉仙所授，越醉越强的拳法。	2500	2500	0	0	1	1	0	3	100025	0	200069	0	0	0	0	0	0	0	0	0	0	0	0	(1,12,50)*(1,24,40)	0	0
120014	螳螂拳精要	6	0	i00751	模仿螳螂身形的形意拳法。	2500	2500	0	0	1	1	0	3	100026	0	200069	0	0	0	0	0	0	0	0	0	0	0	0	(1,14,54)*(1,24,40)	0	0
120015	劈卦神拳精要	6	0	i00746	大开大阖的拳法，是劈卦门镇派武功。	2500	2500	0	0	1	1	0	3	100027	0	200069	0	0	0	0	0	0	0	0	0	0	0	0	(1,11,70)*(1,24,40)	0	0
120016	无相劫指精要	6	0	i00752	少林派的七十二绝技之一。	2500	2500	0	0	1	1	0	3	100028	0	200069	0	0	0	0	0	0	0	0	0	0	0	0	(1,12,65)*(1,24,60)	0	0
120017	多罗叶指精要	6	0	i00748	少林派的七十二绝技之一。	2500	2500	0	0	1	1	0	3	100029	0	200069	0	0	0	0	0	0	0	0	0	0	0	0	(1,13,65)*(1,24,50)	0	0
120018	大金刚拳法精要	6	0	i00821	少林派的七十二绝技之一。	2500	2500	0	0	1	1	0	3	100030	0	200069	0	0	0	0	0	0	0	0	0	0	0	0	(1,11,65)*(1,24,50)	0	0
120019	石破天惊拳精要	6	0	i00822	吴桦从一对满州侠侣手中诈得的拳谱。	2500	2500	0	0	1	1	0	3	100031	0	200069	0	0	0	0	0	0	0	0	0	0	0	0	(1,11,50)*(1,24,40)	0	0
120020	铁掌精要	6	0	i00744	传说是铁掌帮帮主的绝学。	2500	2500	0	0	1	1	0	3	100032	0	200069	0	0	0	0	0	0	0	0	0	0	0	0	(1,11,76)*(1,24,40)	0	0
120021	野球拳精要	6	0	i00821	野拳门的拳谱，据说是英雄小虾米的得意绝招。	2500	2500	0	0	1	1	0	3	100033	0	200069	0	0	0	0	0	0	0	0	0	0	0	0	(1,24,40)	0	0
120022	万佛朝宗精要	6	0	i00750	充满普渡众生佛性的掌法。	10000	2500	1	0	1	1	0	3	100034	0	200069	0	0	0	0	0	0	0	0	0	0	0	0	(1,12,70)*(1,24,70)	0	0
120023	化骨绵掌精要	6	0	i00751	昔年神龙教的不传绝活，谷月轩等人在神龙岛旧址偶然所得。	2500	2500	0	0	1	1	0	3	100035	0	200069	0	0	0	0	0	0	0	0	0	0	0	0	(1,12,67)*(1,24,50)	0	0
120024	八卦游身掌感悟	6	0	i00747	八卦门的掌法，可做到滴水不漏之防御。自与商仲智一战中得到的感悟。	2500	2500	0	0	1	1	0	3	100036	0	200069	0	0	0	0	0	0	0	0	0	0	0	0	(1,14,62)*(1,24,60)	0	0
120025	缠丝八爪感悟	6	0	i00749	模仿蜘蛛蛛网缠势的奇门武功。	5000	2500	1	0	1	1	0	3	100037	0	200069	0	0	0	0	0	0	0	0	0	0	0	0	(1,14,70)*(1,24,50)	0	0
120026	火焰刀感悟	6	0	i00822	当年大轮明王的绝学，谷月轩与贺陀一战中获得的感悟。	2500	2500	0	0	1	1	0	3	100038	0	200069	0	0	0	0	0	0	0	0	0	0	0	0	(1,12,80)*(1,24,70)	0	0
120027	八仙指路精要	6	0	i00747	逍遥谷指法精要。	2500	2500	0	0	1	1	0	3	100039	0	200069	0	0	0	0	0	0	0	0	0	0	0	0	(1,12,62)*(1,25,40)	0	0
120028	一阳指精要	6	0	i00750	昔年大理段氏独特的点穴指法，为南帝一灯大师所擅。	2500	2500	0	0	1	1	0	3	100040	0	200069	0	0	0	0	0	0	0	0	0	0	0	0	(1,12,73)*(1,25,50)	0	0
120029	[c][FF0000]六脉神剑谱[-][/c]	6	0	i00751	将体内真气化为剑气发出的绝技，只有内力深厚者方能驾驭。	2500	2500	0	0	1	1	0	3	100041	0	200069	0	0	0	0	0	0	0	0	0	0	0	0	(1,12,90)*(1,25,90)	0	0
120030	拜月七诀	6	0	i00746	出处不明的神秘掌法。	2500	2500	0	0	1	1	0	3	100042	0	200069	0	0	0	0	0	0	0	0	0	0	0	0	(1,11,62)*(1,24,60)	0	0
120031	九阴神爪人皮	6	0	i00603	九阴真经中的搏击法门，使施为者如鬼似魅，有如幽冥厉鬼在黑暗中给予敌人致命痛击。	2500	2500	0	0	1	1	0	3	100043	0	200069	0	0	0	0	0	0	0	0	0	0	0	0	(1,14,80)*(1,25,60)	0	0
120032	鹰爪功	6	0	i00748	鹰爪门精妙绝艺，可将手指练至无坚不摧，并使擒拿手法降伏敌人。	2500	2500	0	0	1	1	0	3	100044	0	200069	0	0	0	0	0	0	0	0	0	0	0	0	(1,14,66)*(1,25,40)	0	0
120033	落英神剑掌	6	0	i00746	昔年桃花岛东邪所创的武功，端是精妙无比。	2500	2500	0	0	1	1	0	3	100045	0	200069	0	0	0	0	0	0	0	0	0	0	0	0	(1,14,63)*(1,24,40)	0	0
120034	兰花拂穴手精要	6	0	i00751	昔年桃花岛东邪所创的武功，端是精妙无比。	2500	2500	0	0	1	1	0	3	100046	0	200069	0	0	0	0	0	0	0	0	0	0	0	0	(1,25,40)	0	0
120035	八卦乱环式精要	6	0	i00745	八卦刀法最为精妙的一式，以六十四卦随意出刀，叫人十分难防。	2500	2500	0	0	1	1	0	3	100051	0	200069	0	0	0	0	0	0	0	0	0	0	0	0	(1,22,40)	0	0
120036	血刀刀法感悟	6	0	i00822	自与柯尔克一战后，所得到的刀法感悟。据传是当年血刀老祖所创。	2500	2500	0	0	1	1	0	3	100056	0	200069	0	0	0	0	0	0	0	0	0	0	0	0	(1,11,60)*(1,22,50)	0	0
120037	狂龙逆斩武学精要	6	0	i00745	逍遥谷刀法精要。	2500	2500	0	0	1	1	0	3	140124	0	200069	0	0	0	0	0	0	0	0	0	0	0	0	(1,11,62)*(1,22,30)	0	0
120038	残存亦末路感悟	6	0	i00822	自与「天残刀」一战中，所获得的感悟。	2500	2500	0	0	1	1	0	3	100058	0	200069	0	0	0	0	0	0	0	0	0	0	0	0	(1,11,76)*(1,22,40)	0	0
120039	庖丁解牛刀精要	6	0	i00752	厨师的刀，也是很厉害的。	2500	2500	0	0	1	1	0	3	100059	0	200069	0	0	0	0	0	0	0	0	0	0	0	0	(1,13,48)*(1,22,50)	0	0
120040	天涯明月刀精要	6	0	i00747	与流星蝴蝶剑齐名的神秘刀法，据说是一个名字中带有龙字的人发明的。	2500	2500	0	0	1	1	0	3	100060	0	200069	0	0	0	0	0	0	0	0	0	0	0	0	(1,14,60)*(1,22,50)	0	0
120041	推天献印精要	6	0	i00746	正宗的玄门刀法，出自太极气功十八式。	2500	2500	0	0	1	1	0	3	100061	0	200069	0	0	0	0	0	0	0	0	0	0	0	0	(1,12,40)*(1,22,40)	0	0
120042	蚩尤刀法精要	6	0	i00822	苗族子民自古崇敬蛊神蚩尤，取其名所创的刀法。	6000	2500	1	0	1	1	0	3	100062	0	200069	0	0	0	0	0	0	0	0	0	0	0	0	(1,11,50)*(1,22,40)	0	0
120043	魔刀七杀精要	6	0	i00749	从前魔教日月神教的武功，由岳胖子自东方不败墓所取得。	2500	2500	0	0	1	1	0	3	100063	0	200069	0	0	0	0	0	0	0	0	0	0	0	0	(1,11,70)*(1,22,60)	0	0
120044	快雪时晴刀感悟	6	0	i00751	书生自快雪时晴帖当中，感悟出来的刀法。	2500	2500	0	0	1	1	0	3	100064	0	200069	0	0	0	0	0	0	0	0	0	0	0	0	(1,13,44)*(1,22,40)	0	0
120045	八方藏刀式精要	6	0	i00752	胡家刀法中的一式，寄攻于守，适用于伸手不见五指的夜战中。	2500	2500	0	0	1	1	0	3	100065	0	200069	0	0	0	0	0	0	0	0	0	0	0	0	(1,14,55)*(1,22,40)	0	0
120046	燃木刀法精要	6	0	i00822	少林七十二绝技之一，可以凭着刀劲燃木生火，是野外求生必备的技能。	2500	2500	0	0	1	1	0	3	100066	0	200069	0	0	0	0	0	0	0	0	0	0	0	0	(1,12,54)*(1,22,30)	0	0
120047	狂风刀法精要	6	0	i00747	江湖上有名的快刀，本是由号称万里独行的采花贼所创，因曾数度挫败令狐大侠而闻名。	2500	2500	0	0	1	1	0	3	100067	0	200069	0	0	0	0	0	0	0	0	0	0	0	0	(1,14,46)*(1,22,30)	0	0
120048	[c][FF8C00]十殿阎罗刀精要[-][/c]	6	0	i00749	酆都殿主阎罗撰写的十路刀谱，统称为十殿阎罗刀。是武林百晓生在刀类武学中排名第一的刀法。	2500	2500	0	0	1	1	0	3	140139	0	200069	0	0	0	0	0	0	0	0	0	0	0	0	(1,11,80)*(1,22,80)	0	0
120049	[c][FF8C00]阴法渡冥河精要[-][/c]	6	0	i00745	酆都殿主阎罗撰写的十路刀谱，统称为十殿阎罗刀。是武林百晓生在刀类武学中排名第一的刀法。	2500	2500	0	0	1	1	0	3	100069	0	200069	0	0	0	0	0	0	0	0	0	0	0	0	(1,12,62)*(1,22,90)	0	0
120050	井中八法精要	6	0	i00745	传说中某个唐朝将帅自井中窥月时，结合兵法所创出的刀法。	2500	2500	0	0	1	1	0	3	100070	0	200069	0	0	0	0	0	0	0	0	0	0	0	0	(1,13,58)*(1,22,40)	0	0
120051	浪花斩铁势感悟	6	0	i00744	龙墨以一柄刀，独自面对海上的狂风怒涛之势，以刀破去卷起的千层浪花。由怒海波澜中，领悟出大巧不工之意，因而创出劲力雄浑无匹之招式。	2500	2500	0	0	1	1	0	3	100071	0	200069	0	0	0	0	0	0	0	0	0	0	0	0	(1,11,82)*(1,22,80)	0	0
120052	毒龙刀法精要	6	0	i00745	毒龙教秘传刀法，身形飘忽，有如灵蛇。	2500	2500	0	0	1	1	0	3	100072	0	200069	0	0	0	0	0	0	0	0	0	0	0	0	(1,14,58)*(1,22,30)	0	0
120053	[c][FF8C00]慈悲刀法精要[-][/c]	6	0	i00750	少林七十二绝技之一，以充满佛性的刀渡化敌人。	2500	2500	0	0	1	1	0	3	100073	0	200069	0	0	0	0	0	0	0	0	0	0	0	0	(1,12,60)*(1,22,80)	0	0
120054	金顶剑法	6	0	i00745	峨嵋派剑术，剑术绵密严谨，可有效逼退敌人。	2500	2500	0	0	1	1	0	3	100077	0	200069	0	0	0	0	0	0	0	0	0	0	0	0	(1,21,40)	0	0
120055	情意七剑精要	6	0	i00747	情圣「云非凡」所创的剑法，对思慕之人有越深刻的爱恋，剑法威力越强。	2500	2500	0	0	1	1	0	3	100078	0	200069	0	0	0	0	0	0	0	0	0	0	0	0	(1,12,64)*(1,21,40)	0	0
120056	太极化清精要	6	0	i00748	武当派太极剑法中，最为精妙的一式，施为者需有强大内力。	2500	2500	0	0	1	1	0	3	100081	0	200069	0	0	0	0	0	0	0	0	0	0	0	0	(1,12,65)*(1,21,50)	0	0
120057	鹤翼苍穹精要	6	0	i00745	模拟白鹤在天空中展翅飞翔的各种姿态，剑势如同白鹤伸展的翅膀，施展开来如行云流水，姿态优雅。	2500	2500	0	0	1	1	0	3	100084	0	200069	0	0	0	0	0	0	0	0	0	0	0	0	(1,21,50)	0	0
120058	天山幻影剑精要	6	0	i00751	天山派绝学，招式变化无常，虚实相若，如海市蜃楼，难以捉摸。	2500	2500	0	0	1	1	0	3	100086	0	200069	0	0	0	0	0	0	0	0	0	0	0	0	(1,14,58)*(1,21,50)	0	0
120059	不动一剑痕武学精要	6	0	i00745	逍遥谷武学精要。	2500	2500	0	0	1	1	0	3	140123	0	200069	0	0	0	0	0	0	0	0	0	0	0	0	(1,14,57)*(1,21,30)	0	0
120060	龙泣剑精要	6	0	i00744	不知来历的古谱，以强大内力附着剑身，出招会有龙泣之声，故得此名。	2500	2500	0	0	1	1	0	3	100090	0	200069	0	0	0	0	0	0	0	0	0	0	0	0	(1,12,67)*(1,21,50)	0	0
120061	镇五岳精要	6	0	i00745	不用了	2500	2500	0	0	1	1	0	3	100094	0	200069	0	0	0	0	0	0	0	0	0	0	0	0	(1,11,66)*(1,21,70)	0	0
120062	堪舆剑精要	6	0	i00752	源于上古时期的河图洛书，结合了九宫星象以及阴阳五行之法，相克相生，衍生出无穷剑意。	2500	2500	0	0	1	1	0	3	100109	0	200069	0	0	0	0	0	0	0	0	0	0	0	0	(1,13,70)*(1,21,60)	0	0
120063	独孤九剑感悟	6	0	i00744	昔年剑魔独孤求败自创的剑法，可破尽天下武学。是你们在铸剑山庄中，由令狐大侠留下的剑刻中感悟而出。	2500	2500	0	0	1	1	0	3	100097	0	200069	0	0	0	0	0	0	0	0	0	0	0	0	(1,13,82)*(1,21,80)	0	0
120064	无招胜有招	6	0	i00744	独孤九剑极意，讲究无招胜有招，手中无剑，便是凭破扫帚，也能制敌。	2500	2500	0	0	1	1	0	3	100105	0	200069	0	0	0	0	0	0	0	0	0	0	0	0	(1,13,90)*(1,21,70)	0	0
120065	辟邪剑法精要	6	0	i00744	欲练神功，挥刀自宫。	2500	2500	0	0	1	1	0	3	100098	0	200069	0	0	0	0	0	0	0	0	0	0	0	100037	(1,14,68)*(1,21,70)	0	0
120066	流星飞坠精要	6	0	i00747	不必自宫，也能成功。	2500	2500	0	0	1	1	0	3	100099	0	200069	0	0	0	0	0	0	0	0	0	0	0	100037	(1,14,68)*(1,21,40)	0	0
120067	玉女剑法精要	6	0	i00751	昔年古墓派的剑法，专克制全真剑法。	2500	2500	0	0	1	1	0	3	100100	0	200069	0	0	0	0	0	0	0	0	0	0	0	200016,100125,100037,100299,210007,210008	(1,14,74)	0	0
120068	夺命三仙剑精要	6	0	i00745	华山派镇派剑法，连出三剑，一剑比一剑凌厉。	10000	2500	1	0	1	1	0	3	100101	0	200069	0	0	0	0	0	0	0	0	0	0	0	0	(1,11,72)*(1,21,40)	0	0
120069	饮中八仙剑精要	6	0	i00745	由醉八仙套路中悟出的剑法，越醉越强。	10000	2500	1	0	1	1	0	3	100102	0	200069	0	0	0	0	0	0	0	0	0	0	0	0	(1,13,72)*(1,21,50)	0	0
120070	天外飞仙精要	6	0	i00747	模仿天仙姿态，快捷无伦地刺出一剑。	2500	2500	0	0	1	1	0	3	100103	0	200069	0	0	0	0	0	0	0	0	0	0	0	0	(1,13,77)*(1,21,60)	0	0
120071	无双无对精要	6	0	i00745	昔年华山玉女所创，虽只一剑，但威力绝伦，难撄其锋。	2500	2500	0	0	1	1	0	3	100104	0	200069	0	0	0	0	0	0	0	0	0	0	0	0	(1,11,68)*(1,21,40)	0	0
120072	连城剑法精要	6	0	i00745	又名唐诗剑法，招招都出自唐诗，据说关系着一个大宝藏的秘密。	2500	2500	0	0	1	1	0	3	100106	0	200069	0	0	0	0	0	0	0	0	0	0	0	0	(1,13,55)*(1,21,40)	0	0
120073	金蛇剑法精要	6	0	i00750	金蛇郎君所创的剑法，招式间几无破绽，使人难以破招。	2500	2500	0	0	1	1	0	3	100107	0	200069	0	0	0	0	0	0	0	0	0	0	0	0	(1,13,70)*(1,21,50)	0	0
120074	天龙八部剑精要	6	0	i00752	揣摩佛教天龙八部众形貌姿态，而创出的剑法，据说是由天王早年所创。	2500	2500	0	0	1	1	0	3	100108	0	200069	0	0	0	0	0	0	0	0	0	0	0	0	(1,12,72)*(1,21,40)	0	0
120075	苗家剑法精要	6	0	i00751	百年前金面佛扬名江湖的绝技，但在提撩剑白鹤舒翅这招上似有大破绽。	2500	2500	0	0	1	1	0	3	100110	0	200069	0	0	0	0	0	0	0	0	0	0	0	0	(1,21,20)	0	0
120076	八艘飞精要	6	0	i00749	东瀛武圣所创，其余不明。	2500	2500	0	0	1	1	0	3	100115	0	200069	0	0	0	0	0	0	0	0	0	0	0	210006	(1,11,85)	0	0
120077	万毒入化精要	6	0	i00744	毒龙鞭法中的杀着，需配合苗疆毒蛊才能发挥威力。	2500	2500	0	0	1	1	0	3	100118	0	200069	0	0	0	0	0	0	0	0	0	0	0	0	(1,14,63)*(1,26,40)	0	0
120078	软虹蛛索精要	6	0	i00822	萃取蛛毒抹于鞭梢之上，出势模拟繁复绵密的蛛网，你不会想被它抽到的。	2500	2500	0	0	1	1	0	3	100119	0	200069	0	0	0	0	0	0	0	0	0	0	0	0	(1,14,67)*(1,26,50)	0	0
120079	银蛇千转精要	6	0	i00752	兽王庄中的鞭法，鞭势如灵蛇，锐不可挡。	2500	2500	0	0	1	1	0	3	100120	0	200069	0	0	0	0	0	0	0	0	0	0	0	0	(1,11,40)*(1,26,40)	0	0
120080	万蛇狂舞精要	6	0	i00752	兽王鞭法威力最大的一式，漫天鞭影，使人防不胜防。	2500	2500	0	0	1	1	0	3	100121	0	200069	0	0	0	0	0	0	0	0	0	0	0	0	(1,11,47)*(1,26,50)	0	0
120081	百兽之境感悟	6	0	i00748	模拟兽王之威，以气势震慑对手。	2500	2500	0	0	1	1	0	3	100122	0	200069	0	0	0	0	0	0	0	0	0	0	0	0	(1,11,53)*(1,26,60)	0	0
120082	重峦复嶂曲	6	0	i00748	重峦复嶂曲	2500	2500	0	0	1	1	0	3	100128	0	200069	0	0	0	0	0	0	0	0	0	0	0	0	(1,25,40)	0	0
120083	十面埋伏曲谱	6	0	i00748	战鼓齐鸣，金戈铁马，能振奋人心，奋勇杀敌。	2500	2500	0	0	1	1	0	3	100129	0	200069	0	0	0	0	0	0	0	0	0	0	0	0	(1,12,78)*(1,25,50)	0	0
120084	百鸟朝凤曲感悟	6	0	i00750	萧复自百鸟朝凤曲中，获得的武学感悟。	2500	2500	0	0	1	1	0	3	100130	0	200069	0	0	0	0	0	0	0	0	0	0	0	0	(1,12,73)*(1,25,60)	0	0
120085	碧海潮声曲谱	6	0	i00747	昔年桃花岛东邪的曲法，以无上内力贯注琴音，捣乱对手心神。	2500	2500	0	0	1	1	0	3	100131	0	200069	0	0	0	0	0	0	0	0	0	0	0	0	(1,13,62)*(1,25,60)	0	0
120086	笑傲江湖曲	6	0	i00748	好一生天荒地老，共一生水远山高。正义不倒，会盟天下英豪，无招胜有招。	2500	2500	0	0	1	1	0	3	100133	0	200069	0	0	0	0	0	0	0	0	0	0	0	0	(1,13,65)*(1,25,60)	0	0
120087	荆轲武诀精要	6	0	i00748	先秦时期杀手荆轲刺秦王时的剑法，由后人揣摩而出。	2500	2500	0	0	1	1	0	3	100139	0	200069	0	0	0	0	0	0	0	0	0	0	0	0	(1,14,77)	0	0
120088	聂隐剑精要	6	0	i00749	盛唐杀手聂隐娘所创的武功，出招全无迹象，当敌人发现中招时，已然身首异处。	2500	2500	0	0	1	1	0	3	100140	0	200069	0	0	0	0	0	0	0	0	0	0	0	0	(1,14,82)	0	0
120089	化功大法	6	0	i00744	不用了	2500	2500	0	0	1	1	0	3	100141	0	200069	0	0	0	0	0	0	0	0	0	0	0	200000	0	0	0
120090	催魂蚀心精要	6	0	i00749	催蛊施毒的毒掌，可令敌人饱尝蚀心之痛楚。	2500	2500	0	0	1	1	0	3	100142	0	200069	0	0	0	0	0	0	0	0	0	0	0	200000,210048,999031,999032,100056,100033	(1,13,60)	0	0
120091	静莲蝶雨精要	6	0	i00746	一种替人疗伤的气功法，源自道家五禽戏。	2500	2500	0	0	1	1	0	3	100146	0	200069	0	0	0	0	0	0	0	0	0	0	0	210003	0	0	0
120092	点血截脉精要	6	0	i00822	传说为一名姓万的神医所独创的绝技。截断人体内流动的血脉，使其暂时无法动弹。此法需要极为高深的医术，与一般点穴手法有别。	2500	2500	0	0	1	1	0	3	100147	0	200069	0	0	0	0	0	0	0	0	0	0	0	210003	0	0	0
120093	神农济世精要	6	0	i00751	百草门的特殊医疗之法，需佐以草药精华。	2500	2500	0	0	1	1	0	3	100148	0	200069	0	0	0	0	0	0	0	0	0	0	0	210003,200022,999048	0	0	0
120094	占事略诀	6	0	i00744	东瀛的神秘占卜法门，与古传的巫术有关。	2500	2500	0	0	1	1	0	3	100150	0	200069	0	0	0	0	0	0	0	0	0	0	0	200022,200044	0	0	0
120095	神曲但丁	6	0	i00744	不用了	2500	2500	0	0	1	1	0	3	100152	0	200069	0	0	0	0	0	0	0	0	0	0	0	200022	0	0	0
120096	烟雾弹制作法	6	0	i00746	史燕所撰写的烟雾弹制作法门，其硫磺与硝石的搭配比例设计得极为精巧。	2500	2500	0	0	1	1	0	3	100153	0	200069	0	0	0	0	0	0	0	0	0	0	0	210003,200022,200000,200039,100033	0	0	0
120097	鳄鱼的眼泪	6	0	i00752	以假哭来欺骗对手的无耻法门。	2500	2500	0	0	1	1	0	3	100154	0	200069	0	0	0	0	0	0	0	0	0	0	0	210003,200022,100059,200000,100033	0	0	0
120098	一个时辰变戏精	6	0	i00746	江湖中流传甚广的演戏教科书，由一流名伶所撰，一个时辰教你变成戏精。	2500	2500	0	0	1	1	0	3	100155	0	200069	0	0	0	0	0	0	0	0	0	0	0	210003,200022,100059,200000,100033	0	0	0
120100	佛山无影脚感悟	6	0	i00747	广东一带流传甚广的腿法，一腿快过一腿，让人无法招架。	3000	2500	1	0	1	1	0	3	100162	0	200069	0	0	0	0	0	0	0	0	0	0	0	0	(1,14,42)	0	0
120101	虎鹤双形腿精要	6	0	i00746	模拟虎鹤姿态所创的腿法。	2500	2500	0	0	1	1	0	3	100163	0	200069	0	0	0	0	0	0	0	0	0	0	0	0	(1,11,45)	0	0
120102	如影随形腿精要	6	0	i00751	少林七十二绝技之一，踢腿如影随形，十分厉害。	2500	2500	0	0	1	1	0	3	100164	0	200069	0	0	0	0	0	0	0	0	0	0	0	0	(1,14,50)	0	0
120103	风神腿精要	6	0	i00747	出自天下会的凌厉腿法，出腿有如狂风过境，威力极大。	7000	2500	1	0	1	1	0	3	100165	0	200069	0	0	0	0	0	0	0	0	0	0	0	0	(1,11,72)	0	0
120104	地煞绝命腿精要	6	0	i00746	与天罡相对，采七十二地煞之名而成，注重施为者的腿力。腿力越强劲者，越能激发此招威力。	2500	2500	0	0	1	1	0	3	100166	0	200069	0	0	0	0	0	0	0	0	0	0	0	0	(1,11,80)	0	0
120105	龙吞暴	6	0	i00746	不用了	2500	2500	0	0	1	1	0	3	100167	0	200069	0	0	0	0	0	0	0	0	0	0	0	200027	0	0	0
120106	满天花雨感悟	6	0	i00748	橘叟长年与黑子白子为伴，自创而出的暗器手法。	2500	2500	0	0	1	1	0	3	100168	0	200069	0	0	0	0	0	0	0	0	0	0	0	100059,999036,999049,999062,200039,200044,100033	(1,14,72)*(1,23,50)	0	0
120107	小李飞刀谱	6	0	i00748	传说中的小李飞刀，能超过他的，只有小李他妈的飞刀。	2500	2500	0	0	1	1	0	3	100169	0	200069	0	0	0	0	0	0	0	0	0	0	0	100059,999036,999049,999062,200039,200044,100033	(1,14,66)*(1,23,50)	0	0
120108	奇毒天镖谱	6	0	i00822	据说由一名叫杰克利瓦伊的色目人所创，端的是厉害非常。	7000	2500	1	0	1	1	0	3	100174	0	200069	0	0	0	0	0	0	0	0	0	0	0	100059,999036,999049,999062,200039,200044,100033	(1,23,45)	0	0
120109	风魔手里剑	6	0	i00749	东瀛的飞镖暗器法门，多以十字手里剑发出。	2500	2500	0	0	1	1	0	3	100177	0	200069	0	0	0	0	0	0	0	0	0	0	0	100059,999036,999049,999062,200039,200044,100033	(1,23,40)	0	0
120110	含沙射影谱	6	0	i00748	当年五毒教所创的剧毒暗器，后由教主赠与鹿鼎公，鹿鼎公晚年游历西域时，将此暗器遗落在蛮荒边陲。	2500	2500	0	0	1	1	0	3	100181	0	200069	0	0	0	0	0	0	0	0	0	0	0	100059,999036,999049,999062,200039,200044,100033	(1,14,80)*(1,23,65)	0	0
120111	弹指神通精要	6	0	i00822	有人说是桃花岛东邪所创，也有人说是传闻中的楚盗帅所创，来历不明。	2500	2500	0	0	1	1	0	3	100190	0	200069	0	0	0	0	0	0	0	0	0	0	0	100059,999036,999049,999062,200039,200044,100033	(1,23,75)	0	0
120112	意乱情迷感悟	6	0	i00750	一种以女性柔美姿态使敌人放松戒心的迷情技能。太过「恰北北」的女生，可是学不来的喔。	2500	2500	0	0	1	1	0	3	100188	0	200069	0	0	0	0	0	0	0	0	0	0	0	200000,100419,200016,100125,200022,210003,200044	0	0	0
120113	风随白云飞精要	6	0	i00750	南少林天悟禅师的绝技，出招绵密，有若白云出岫。	2500	2500	0	0	1	1	0	3	100195	0	200069	0	0	0	0	0	0	0	0	0	0	0	100066,200038	(1,12,68)	0	0
120114	达摩武诀精要	6	0	i00744	独立于七十二绝技外的禅宗绝技，融合所有兵刃于其中。	2500	2500	0	0	1	1	0	3	100196	0	200069	0	0	0	0	0	0	0	0	0	0	0	200038	(1,12,80)	0	0
120115	大闹天宫精要	6	0	i00752	据说西游记作者吴承恩也是个武学高人，此招由他揣摩孙大圣的姿态所创。	2500	2500	0	0	1	1	0	3	100197	0	200069	0	0	0	0	0	0	0	0	0	0	0	100066,200038	(1,11,70)	0	0
120116	灵蛇杖精要	6	0	i00751	出自白驼山庄的杖法，讲求灵动，出招带毒，常被江湖中人诟病太过狠辣。	2500	2500	0	0	1	1	0	3	100199	0	200069	0	0	0	0	0	0	0	0	0	0	0	100066	(1,14,45)	0	0
120117	大须弥山棍精要	6	0	i00750	西域神力活佛「尤凯」的成名绝技，给予敌人当头棒喝，藉由把人打到头破血流、脑浆四溢来渡化他。	2500	2500	0	0	1	1	0	3	100200	0	200069	0	0	0	0	0	0	0	0	0	0	0	100066,200038	(1,11,62)	0	0
120118	天下无狗感悟	6	0	i00744	丐帮绝学，打狗棒法，棒棒都打狗。	2500	2500	0	0	1	1	0	3	100201	0	200069	0	0	0	0	0	0	0	0	0	0	0	100066,200038	(1,13,60)	0	0
120119	醉卧乾坤精要	6	0	i00747	醉棍中讲究臂力的一式。	6000	2500	1	0	1	1	0	3	100202	0	200069	0	0	0	0	0	0	0	0	0	0	0	100066	0	0	0
120120	一醉逍遥感悟	6	0	i00746	醉棍中讲究身法的一式。	6000	2500	1	0	1	1	0	3	100203	0	200069	0	0	0	0	0	0	0	0	0	0	0	200038	0	0	0
120121	天王枪法精要	6	0	i00822	天波杨家枪法精要之一，在战场上有很大的力量。	2500	2500	0	0	1	1	0	3	100204	0	200069	0	0	0	0	0	0	0	0	0	0	0	100066,200038	(1,11,73)	0	0
120122	回马枪精要	6	0	i00752	相传为唐氏一族的绝技之一，假露败象，后趁敌不备，突然掉头袭击对方，听闻此招练至化境，则没有枪头也能捅死人。	2500	2500	0	0	1	1	0	3	100205	0	200069	0	0	0	0	0	0	0	0	0	0	0	100066,200038	(1,11,54)	0	0
120123	罗汉伏魔棍精要	6	0	i00750	少林七十二绝技之一，以佛家内功驱使，需摒除贪嗔痴三毒，此棍法纯以佛法震慑诸恶，以刚克柔，极为消耗真力。	2500	2500	0	0	1	1	0	3	110036	0	200069	0	0	0	0	0	0	0	0	0	0	0	100066,200038	(1,11,60)	0	0
120124	天魔解体大法	6	0	i00749	传闻为一邪教教主所创，能数倍提升身体潜能，此功夫只能收效一时，过后对身体会有极大隐患。适合带有邪气的人学习	2500	2500	0	0	1	1	0	3	140112	0	200069	0	0	0	0	0	0	0	0	0	0	0	999036,999049,999062,100037,100059,100075,100089,100019,200000,200017,200020,200027,100033	(1,12,64)	0	0
120125	天魔鞭精要	6	0	i00749	传闻为日月神教的不传之秘，出招有如天魔乱舞，凌厉毒辣。	2500	2500	0	0	1	1	0	3	140113	0	200069	0	0	0	0	0	0	0	0	0	0	0	210048,999031,999032,100056	(1,14,70)	0	0
120126	冲灵剑法	5	0	i00746	当年令狐大侠与其师妹共创的剑法。	2500	2500	0	0	1	1	0	0	0	0	0	0	0	0	0	0	0	0	0	0	0	0	0	0	0	1
121001	东方宝典	6	0	i00749	魔教某任教主所创，取日出东方，唯我独尊之意。	2500	2500	0	0	1	1	0	4	60054	0	0	0	0	0	0	0	0	0	0	0	0	0	210006,210007,210008,100059,200017,200020,999036,999049,999062,100054,100033	(1,14,58)	0	0
121002	铁罗汉	6	0	i00602	精巧的少林机括，透过一对罗汉互相对打，可观摩罗汉拳的气机流向。	2500	2500	0	0	1	1	0	3	110037	0	0	0	0	0	0	0	0	0	0	0	0	0	210001,210004,100075,100419,210009,200038	0	0	0
121003	迅雷剑法	6	0	i00746	此剑法以刚猛内力催动，挥舞之际能产生强大劲风，伴随习练者呼啸喝叱，有如风雷齐鸣，故名为迅雷。	2500	2500	0	0	1	1	0	3	130006	0	0	0	0	0	0	0	0	0	0	0	0	0	200016,100125,100037,100299,210007,210008,100091	(1,14,50)	0	0
121004	万物皆数	6	0	i00748	传说中数术大师霍无俦根据哲学、武道与数学所创出的「万物皆数」，强调任何招式都有迹可循，只要算出对方的下一步动作，便能先发制人。	2500	2500	0	0	1	1	0	4	60030	0	0	0	0	0	0	0	0	0	0	0	0	0	210001,200000,100075,200022,210003,210009	(1,13,60)	0	0
121005	小无相功	6	0	i00746	逍遥派之内功，以道家之学作为基础，不着形相，无迹可寻，身具此功者可模拟天下武功发劲。。	2500	2500	0	0	1	1	0	4	60002	0	0	0	0	0	0	0	0	0	0	0	0	0	0	(1,12,65)	0	0
121006	大湿婆密咒	6	0	i00744	孔雀王朝不传秘咒，据传可使残肢重生，使修习者拥有神话般的自愈能力。	2500	2500	0	0	1	1	0	4	60004	0	0	0	0	0	0	0	0	0	0	0	0	0	210001,999036,999049,999062,100419,100075,200016,100125,200038	(1,13,70)	0	0
121007	先天功	6	0	i00746	道家至高无上的修真练气法诀。	20000	2500	0	0	1	1	0	4	60063	0	0	0	0	0	0	0	0	0	0	0	0	0	0	(1,12,90)	0	0
121008	日月神功	6	0	i00747	日月神功为逍遥谷进阶心法，功成者可自由调息阴阳内劲，令敌人难以应对。	2500	2500	0	0	1	1	0	4	60005	0	0	0	0	0	0	0	0	0	0	0	0	0	0	(1,11,65)	0	0
121009	虎啸功	6	0	i00750	金刀王家的独门内功。	2500	2500	0	0	1	1	0	4	60056	0	0	0	0	0	0	0	0	0	0	0	0	0	0	(1,11,72)*(1,22,50)	0	0
121010	血刀经	6	0	i00822	血刀门绝技。	2500	2500	0	0	1	1	0	4	60036	0	0	0	0	0	0	0	0	0	0	0	0	0	0	(1,11,76)*(1,22,50)	0	0
121011	金雁功	6	0	i00747	全真派的一门内功，藉由吐息来锻炼轻身功夫。	2500	2500	0	0	1	1	0	4	60055	0	0	0	0	0	0	0	0	0	0	0	0	0	0	(1,14,68)	0	0
121012	明玉功	6	0	i00751	内家正宗心法，运行之时肌肤会有如玉石般的光泽。	20000	2500	1	0	1	1	0	4	60061	0	0	0	0	0	0	0	0	0	0	0	0	0	999036,999049,999062,200000,210048,999031,999032,100056,200044,100054,100033	(1,14,82)	0	0
121013	九阴总纲	6	0	i00749	自道家学说中所领悟，掌握了天地自然运行之法，总纲中所载，各种武学运用之法门无所不包。	2500	2500	0	0	1	1	0	4	70077	0	0	0	0	0	0	0	0	0	0	0	0	0	0	0	0	0
121014	九阴飞絮篇	6	0	i00749	为一卸力的精妙巧劲，可运用借力使力的法门，将迎面而来的攻击化解于无形之中。	2500	2500	0	0	1	1	0	4	60062	0	0	0	0	0	0	0	0	0	0	0	0	0	0	(1,14,70)	0	0
121015	灵飞经	6	0	i00747	一门提升纵越闪避的特殊内功，不仅庭除廊庑之间驱退若神，长途竞走亦是奔行如飞。	2500	2500	0	0	1	1	0	4	60048	0	0	0	0	0	0	0	0	0	0	0	0	0	0	(1,14,72)	0	0
121016	清心普善咒	6	0	i00751	此心法源自于琴曲，经百花楼历代掌门人之手，蜕变成一套特异的内功。	2500	2500	0	0	1	1	0	4	60024	0	0	0	0	0	0	0	0	0	0	0	0	0	0	(1,12,65)*(1,25,50)	0	0
121017	沧海一笑	6	0	i00746	此曲为精通音乐之前辈所作，音调豪迈洒脱，将大千世界中的无穷无尽之纷扰，尽皆付诸一笑。	2500	2500	0	0	1	1	0	4	60050	0	0	0	0	0	0	0	0	0	0	0	0	0	0	(1,13,64)*(1,25,50)	0	0
121018	玉女心经	6	0	i00751	古墓派祖师所创，行功法门别开蹊径，需二人同练，互为臂助，否则立时有走火入魔之险。前六重心法都是专为克制全真派武学，但到了第七重却转为与全真派武学互补。	2500	2500	0	0	1	1	0	4	60044	0	0	0	0	0	0	0	0	0	0	0	0	0	210048,999031,999032,100056,100419,200016,100125,100054	(1,14,72)	0	0
121019	天山心法	6	0	i00748	何傲天自石洞中得到的武功心法，行功之法与逍遥派武学颇有异曲同工之妙。在自身丹田中凝聚内力，使其盘桓不散，并将外敌所击来的真气卸开化去，令其难以伤己。	2500	2500	0	0	1	1	0	4	60019	0	0	0	0	0	0	0	0	0	0	0	0	0	0	(1,14,50)*(1,21,30)	0	0
121020	[c][FF8C00]紫霞神功[-][/c]	6	0	i00746	华山派享誉江湖的一门高深内功，内力运转之际，脸上隐约浮现紫气，故得其名。	2500	2500	0	0	1	1	0	4	60035	0	0	0	0	0	0	0	0	0	0	0	0	0	0	(1,12,68)*(1,21,50)	0	0
121021	葵花宝典	6	0	i00749	相传为前朝太监所著，神功大成后，出手无踪，来去无影，几可无敌于天下。	50000	2500	0	0	1	1	0	4	70029	0	0	0	0	0	0	0	0	0	0	0	0	0	100037	0	0	0
121022	[c][FF8C00]太极神功[-][/c]	6	0	i00746	武当祖师张三丰所创，乃是内家心法的表率，也是第一等的内功。与寻常武学理论大不相同，讲究阴阳相济，以柔韵刚，以慢御快。	2500	2500	0	0	1	1	0	4	60059	0	0	0	0	0	0	0	0	0	0	0	0	0	210004,100089,100019,200044,999048	(1,12,65)	0	0
121023	金蛇宝典	6	0	i00750	相传为金蛇郎君所遗之秘籍，不仅有剑法，更记载二十四枚金蛇锥锥法、拳掌，乃至破五行阵之法。可谓集金蛇郎君毕生所学之大全。	2500	2500	0	0	1	1	0	4	60046	0	0	0	0	0	0	0	0	0	0	0	0	0	0	(1,14,84)	0	0
121024	金刚不坏体	6	0	i00750	少林派的顶级外功，初练时会有数个罩门，随着修为高低而渐趋减少。一旦罩门被破，重则丧命，轻则武功尽失。但一旦此功大成，会犹如被一金铸大钟包覆，宝刀宝剑难伤。	2500	2500	0	0	1	1	0	4	60039	0	0	0	0	0	0	0	0	0	0	0	0	0	100066,200038	(1,11,80)	0	0
121025	兽王功	6	0	i00752	兽王庄武学招式俱来自于野兽，而人碍与自身所限，虽能模仿野兽之形，却无法如同野兽那般或灵动、或力拔千钧、或威猛无俦。兽王功正是兽王庄为克服此弱点而创的内功法诀。	2500	2500	0	0	1	1	0	4	60026	0	0	0	0	0	0	0	0	0	0	0	0	0	0	(1,11,60)*(1,26,40)	0	0
121026	龙蛰功	6	0	i00746	一部极为特异的功法，吸气入体，散之五脏储存，是以可以长时间闭气。	2500	2500	0	0	1	1	0	4	60045	0	0	0	0	0	0	0	0	0	0	0	0	0	0	0	0	0
121027	禅宗莲华功	6	0	i00750	与少林同源的禅宗佛门功夫，但更强调直指人心，见性成佛。	2500	2500	0	0	1	1	0	4	60057	0	0	0	0	0	0	0	0	0	0	0	0	0	0	(1,12,52)	0	0
121028	地煞无极功	6	0	i00752	七十二地煞乃凶杀大恶之星。此功法取其义，集结地煞七十二术诸般阴毒狠辣之法而成，威力无俦，故又名之谓无极。	2500	2500	0	0	1	1	0	4	60049	0	0	0	0	0	0	0	0	0	0	0	0	0	0	(1,11,68)	0	0
121029	罗汉伏魔功	6	0	i00750	由金刚伏魔圈演变而来的内功，浩荡正大，至刚至阳，尽显佛门护法之威仪。	2500	2500	0	0	1	1	0	4	60040	0	0	0	0	0	0	0	0	0	0	0	0	0	0	(1,11,80)	0	0
121030	一为全全为一	6	0	i00745	不用了	2500	2500	0	0	1	1	0	4	60043	0	0	0	0	0	0	0	0	0	0	0	0	0	200022	(1,13,100)	0	0
121031	华陀医典	6	0	i00751	集华佗医术经历之大成之医学宝典。	2500	2500	0	0	1	1	0	4	60042	0	0	0	0	0	0	0	0	0	0	0	0	0	210003	0	0	0
121032	吸星大法	6	0	i00748	此套功法可吸收他人之内力以为己用，江湖之上闻者无不心惊。	20000	2500	1	0	1	1	0	4	60058	0	0	0	0	0	0	0	0	0	0	0	0	0	0	0	0	0
121033	[c][FF8C00]修罗心法[-][/c]	6	0	i00752	阿修罗将修罗宫原本的心法大幅改进补遗后，仍以修罗心法为名。但运使内功之法已大异其趣，远较原本的更为狠辣强悍。	2500	2500	0	0	1	1	0	4	60041	0	0	0	0	0	0	0	0	0	0	0	0	0	210005,210006,200000,100054,999048	0	0	0
121034	正气诀	6	0	i00751	华山绝学之一，内力运转犹如华山之景，峰峦相接，连绵不绝。	2500	2500	0	0	1	1	0	4	70069	0	0	0	0	0	0	0	0	0	0	0	0	0	0	0	0	0
121035	连山诀	6	0	i00751	华山绝学之一，化用天地之灵气，可提升自身气血。	2500	2500	0	0	1	1	0	4	70070	0	0	0	0	0	0	0	0	0	0	0	0	0	0	0	0	0
121036	梯云纵	6	0	i00747	江湖至高的轻功绝技，身法奇特轻灵，进退有度，以步法的多变来迷惑对手，可在战斗之中抢得先机。	2500	2500	0	0	1	1	0	4	70071	0	0	0	0	0	0	0	0	0	0	0	0	0	0	0	0	0
121037	玄女经	6	0	i00751	古道家房中秘术，深信阴阳调合之道。若是修练得当，对修为者自身大有帮助。	2500	2500	0	0	1	1	0	4	70072	0	0	0	0	0	0	0	0	0	0	0	0	0	100066,100037,200017,200027,200039,100297,100021	0	0	0
121038	龙象般若功残本	6	0	i00744	为密宗至高无上的护法神功，刚猛无匹，传说习练者可拥有龙象之力。	2500	2500	0	0	1	1	0	4	60073	0	0	0	0	0	0	0	0	0	0	0	0	0	0	(1,12,80)	0	0
121039	少林铁布衫	6	0	i00752	少林绝学，以硬功、气功为基础，可承受外来之击而无损于自身，大成者周身坚硬逾铁，刀剑难伤。	2500	2500	0	0	1	1	0	4	70091	0	0	0	0	0	0	0	0	0	0	0	0	0	0	(1,11,65)	0	0
121040	化功大法残本	6	0	i00744	需以深厚的内力为底，敌我接触之时，将真气灌入对方经脉之中，化去敌人内力。	2500	2500	0	0	1	1	0	4	60072	0	0	0	0	0	0	0	0	0	0	0	0	0	0	(1,13,80)	0	0
121041	玄冥神功残本	6	0	i00744	欧阳笑修习之内功，阴毒无比，且带有百年前失传的玄冥寒气。	2500	2500	0	0	1	1	0	4	60075	0	0	0	0	0	0	0	0	0	0	0	0	0	0	(1,13,80)	0	0
121043	苗蛊毒功残本	6	0	i00744	苗疆一名前辈倾尽毕生之力，将所搜罗到的毒功融合自创而成，以各式毒物提升自身功力。	2500	2500	0	0	1	1	0	4	60074	0	0	0	0	0	0	0	0	0	0	0	0	0	200000,210048,999031,999032,100056,100033	0	0	0
121044	十王走马势感悟	6	0	i00748	谷月轩自弦箫洞棋局中所领悟到的运气方法。	2500	2500	0	0	1	1	0	4	60069	0	0	0	0	0	0	0	0	0	0	0	0	0	0	(1,13,80)	0	0
121045	声无哀乐论	6	0	i00749	嵇康所著的乐理专着，其中心思想可以「心之与声，明为二物」总括之。	2500	2500	0	0	1	1	0	4	60071	0	0	0	0	0	0	0	0	0	0	0	0	0	200020	(1,13,66)	0	0
130001	蓝晶矿	5	0	i00007	特殊铁矿，可制作出质量较好的兵器。	3000	2500	0	0	0	3	0	0	0	0	0	0	0	0	0	0	0	0	0	0	0	0	0	0	0	1
130002	铁矿	5	0	i00001	普通铁矿，一般兵器制作的基本原料。	200	100	0	0	0	3	0	0	0	0	0	0	0	0	0	0	0	0	0	0	0	0	0	0	0	1
130003	虹鲤	5	0	i00069	鲤鱼中非常稀有的品种，在太阳光底下，散发出耀眼的光芒。	400	100	0	0	0	3	0	0	0	0	0	0	0	0	0	0	0	0	0	0	0	0	0	0	0	1
130004	芦竹钓竿组	5	7	i00023	将收割的青芦竹经半年的风干后制成，质地强硬，坚韧，弹性大。	800	200	0	0	0	3	0	0	0	0	0	0	0	0	0	0	0	0	0	0	0	0	0	0	0	1
130005	虹鲤三仙面	5	0	i00617	用虹鲤搭配鲜虾、蟹肉等佐料煮成的面，新鲜好吃。	200	50	0	0	0	3	0	0	0	0	0	0	0	0	0	0	0	0	0	0	0	0	0	0	0	1
130006	凤眼怒睛鸡	5	0	i00618	逍遥谷中所饲养的鸡，战斗力甚高，常人无法匹敌。	300	100	0	0	0	3	0	0	0	0	0	0	0	0	0	0	0	0	0	0	0	0	0	0	0	0
130007	大铁锤	5	0	i00823	精钢铸成的大铁锤，重五十斤。	0	0	0	0	0	3	0	0	0	0	0	0	0	0	0	0	0	0	0	0	0	0	0	0	0	1
130008	李大郎的信	5	0	i00440	李大郎寄给母亲的家书，上面写着自己将被问斩……	0	0	0	0	0	3	0	0	0	0	0	0	0	0	0	0	0	0	0	0	0	0	0	0	0	1
130009	太乙晶石	5	0	i00729	相传是太乙真人用来铸造刀剑之矿石，非常稀有，无坚不摧。	0	0	0	0	0	3	0	0	0	0	0	0	0	0	0	0	0	0	0	0	0	0	0	0	0	1
130010	奇怪的秘籍	5	0	i00745	从杭州的老乞丐处取得，以奇特的方式记载。	0	0	0	0	0	3	0	0	0	0	0	0	0	0	0	0	0	0	0	0	0	0	0	0	0	1
130011	漂亮的石头	5	0	i00005	从杭州的小朋友处取得。	100	50	0	0	0	3	0	0	0	0	0	0	0	0	0	0	0	0	0	0	0	0	0	0	0	0
130012	辟邪宫地图	5	0	i00620	江天雄跟踪辟邪老人的手下，从而绘制下来的辟邪宫入口地图。	0	0	0	0	0	3	0	0	0	0	0	0	0	0	0	0	0	0	0	0	0	0	0	0	0	1
130013	寒蝠胆	5	0	i00759	修练寒毒之人，寒气积于苦胆所成，可辅助修练毒术。	0	0	0	0	0	3	0	0	0	0	0	0	0	0	0	0	0	0	0	0	0	0	0	0	0	1
130014	冲灵剑法残本	5	0	i00746	独缺最后一式同生共死的冲灵剑法残本。	0	0	0	0	0	3	0	0	0	0	0	0	0	0	0	0	0	0	0	0	0	0	0	0	0	1
130015	智慧果	4	0	i00813	传说南贤最爱吃的食物，服用后短时间内灵智大开，可以得到超乎常人的感悟。一般人吃据说可增长经验3000点	6000	2000	0	0	1	1	0	5	0	3000	0	0	0	0	0	0	0	0	0	0	0	0	0	0	0	0
130016	千年毒蟾	5	0	i00621	毒龙教圣物，先前被紫肤怪人所盗，赶紧送回毒龙教吧！	0	0	0	0	0	3	0	0	0	0	0	0	0	0	0	0	0	0	0	0	0	0	0	0	0	1
130017	红叶袈裟	5	0	i00820	一件红色的袈裟，年深日久，袈裟上面似乎记载着极大秘密，是莆田少林寺百年以来代代相传的至宝。	0	0	0	0	0	3	0	0	0	0	0	0	0	0	0	0	0	0	0	0	0	0	0	0	0	1
130018	即墨老酒	2	0	i00122	以崂山墨水河畔所产黍稷酿造，有适筋骨入骨髓，健胃补脾之功效。	0	0	0	0	0	3	0	0	0	0	0	0	0	0	0	0	0	0	0	0	0	0	0	0	0	1
130019	小铁剑	5	0	i00476	一柄精致的小铁剑，相传为天剑门的掌门人信物。	0	0	0	0	0	3	0	0	0	0	0	0	0	0	0	0	0	0	0	0	0	0	0	0	0	1
130020	狂风剑法	6	0	i00746	天剑门的剑法。	2500	2500	0	0	1	1	0	3	110046	0	200069	0	0	0	0	0	0	0	0	0	0	0	200016,100125,100037,100299,210007,210008,100091	(1,14,50)	0	0
130025	逍遥御风	6	0	i00747	逍遥派不传之秘，逍遥派气功大成者方可修练。练成逍遥御风者，周身真气运转如意，浩浩乎几如凭虚御风。	2500	2500	0	0	1	1	0	3	140082	0	200069	0	0	0	0	0	0	0	0	0	0	0	210001,210002	(1,3,2500)*(1,13,75)	0	0
130030	九阳神功	6	0	i00744	相传为达摩祖师所传下的绝世武学，融合诸般武学至理，大成后，内力无穷无尽，再生速度奇快，且天下武学俯拾皆可用。	2500	2500	0	0	1	1	0	4	60052	0	0	0	0	0	0	0	0	0	0	0	0	0	0	(1,3,2500)	0	0
130031	乾坤大挪移	6	0	i00822	学习条件：内力4500。明教镇派心法，源于波斯，只有教主方能修练，乃是一种运劲用力的巧妙法门。	2500	2500	0 	0	0	0	0	0	0	0	0	0	0	0	0	0	0	0	0	0	0	0	0	0	0	0
130043	风花雪月曲谱	6	0	i00747	生死无惧，荣辱不惊，心当如明镜止水，视一切波涛如过眼烟云。	2500	2500	0	0	1	1	0	3	140128	0	200069	0	0	0	0	0	0	0	0	0	0	0	200020,210008	(1,12,76)	0	0
130021	玄铁	5	0	i00646	非常珍稀的金属，颜色深黑，隐隐透出红光，极为沉重，有磁力。因玄铁极为罕见，故疑为天外陨铁。	2400	600	0	0	0	3	0	0	0	0	0	0	0	0	0	0	0	0	0	0	0	0	0	0	0	1
130022	皇后的密信	5	0	i00248	西夏皇后托水盼盼转交给李武靖的信件	0	0	0	0	0	3	0	0	0	0	0	0	0	0	0	0	0	0	0	0	0	0	0	0	0	1
130023	快雪时晴帖	5	0	i00172	为晋朝书法家王羲之的墨宝，以行书写成，现存此帖一般认为是唐代摹本。也许书生前辈会喜欢。	12800	3400	0	0	0	3	0	0	0	0	0	0	0	0	0	0	0	0	0	0	0	0	0	0	0	0
130024	呕血谱	5	0	i00530	当年刘仲甫在骊山遇仙对奕，下到呕血三升，就是这副棋谱啦。也许橘叟前辈会爱死它。	12800	3400	0	0	0	3	0	0	0	0	0	0	0	0	0	0	0	0	0	0	0	0	0	0	0	0
130026	仙音乐集	5	0	i00532	仙音遗书的乐谱，原来是被我们家猫儿叼走了。	0	0	0	0	0	3	0	0	0	0	0	0	0	0	0	0	0	0	0	0	0	0	0	0	0	1
130027	萧皓霜家书	5	0	i00503	萧皓霜遗落在逍遥谷的物事。	0	0	0	0	0	3	0	0	0	0	0	0	0	0	0	0	0	0	0	0	0	0	0	0	0	1
130028	木钗子	5	0	i00819	伴随了吴大娘五十年光阴的钗子，形式古拙却又不失雅致。	0	0	0	0	0	3	0	0	0	0	0	0	0	0	0	0	0	0	0	0	0	0	0	0	0	1
130029	清澈的井水	5	0	i00028	从恶人谷井中取出的泉水，清澈透亮，甘甜可口。	0	0	0	0	0	3	0	0	0	0	0	0	0	0	0	0	0	0	0	0	0	0	0	0	0	1
130032	小虾米连环图	5	0	i00601	英雄小虾米的连环图，画得十分精细。	3600	2000	0	0	0	3	0	0	0	0	0	0	0	0	0	0	0	0	0	0	0	0	0	0	0	0
130033	不明物	5	0	i00600	模样十分奇特的玩意，用途不明。兴许可以卖得高价？	100000	50000	1	0	0	3	0	0	0	0	0	0	0	0	0	0	0	0	0	0	0	0	0	0	0	0
130034	回锅肉	4	1	i00623	中国川菜中一种烹调猪肉的传统菜式，被誉为「川菜之王」<br>食用效果：六回合内，固定恢复6%气血6%内力	200	50	0	0	1	2	0	7	910115	0	0	0	0	0	0	0	0	0	0	0	0	0	0	0	0	0
130035	一串珍珠	5	0	i00406	漂亮的珍珠，似乎可以拿去卖钱。	4800	1200	0	0	0	3	0	0	0	0	0	0	0	0	0	0	0	0	0	0	0	0	0	0	0	0
130036	一袋赃物	5	0	i00472	将江洋大盗绳之以法的证据，可以拿去官府兑花红。	0	0	0	0	0	3	0	0	0	0	0	0	0	0	0	0	0	0	0	0	0	0	0	0	0	1
130037	觥筹交错组	5	0	i00219	派对道具，你值得拥有。有了它就能上城里的酒楼开设宴会了。可在杭州的特约酒楼设宴。	2000	1000	0	0	0	3	0	0	0	0	0	0	0	0	0	0	0	0	0	0	0	0	0	0	0	1
130039	精钢	5	0	i00003	纯度更高的铁，无比坚硬，一般用来锻冶上等的武器防具。	0	0	0	0	0	3	0	0	0	0	0	0	0	0	0	0	0	0	0	0	0	0	0	0	0	1
130041	少林僧的书信	5	0	i00201	不知名少林僧担心自己在龙井村的妹子让无赖骚扰，想请你帮他教训那些无赖。这封信权作信物，以取得他妹妹的信任。	0	0	0	0	0	3	0	0	0	0	0	0	0	0	0	0	0	0	0	0	0	0	0	0	0	1
130042	李昭庆的贺函	5	0	i00250	武当弟子李昭庆曾是劈卦拳门人，为了投身武当甘受三刀六洞之刑叛师。劈卦拳掌门寿辰在即，李昭庆委托你们送一封寿函到景阳岗上的师兄黄天化手上。	0	0	0	0	0	3	0	0	0	0	0	0	0	0	0	0	0	0	0	0	0	0	0	0	0	1
130044	女性的遗骨	5	0	i00622	一袋女性的遗骨，从高昌遗迹中敛得。	0	0	0	0	0	3	0	0	0	0	0	0	0	0	0	0	0	0	0	0	0	0	0	0	0	1
130045	蛇形钥匙	5	0	i00539	沈澜给予的神秘钥匙，似乎可以至藏海岛开启宝箱。	0	0	0	0	0	3	0	0	0	0	0	0	0	0	0	0	0	0	0	0	0	0	0	0	0	1
130046	神龙密咒	6	0	i00748	昔年神龙教不传密咒，可使人发挥十倍潜能。	2500	2500	0	0	1	1	0	4	70081	0	0	0	0	0	0	0	0	0	0	0	0	0	200000,210048,999031,999032,100056,100033	0	0	0
130047	化骨绵掌	6	0	i00751	当年神龙教主的得意绝学，使中掌者全身筋骨化散，非常狠毒的武功。	2500	2500	0	0	1	1	0	3	100035	0	0	0	0	0	0	0	0	0	0	0	0	0	200000	0	0	0
130048	玉佩	5	0	i00183	不晓得是谁掉在华山正气堂中的玉佩。	10000	2500	0	0	0	3	0	0	0	0	0	0	0	0	0	0	0	0	0	0	0	0	0	0	0	0
130049	佛剑	1	0	i00640	传说中的神兵利器	50000	10000	0	0	1	1	0	1	99	500	180008	0	0	0	0	0	0	0	0	0	1	0	0	0	0	0
130050	稚嫩笔迹的信	5	0	i00830	看起来就像是刚学会写字的小孩所写的信。	0	0	0	0	0	3	0	0	0	0	0	0	0	0	0	0	0	0	0	0	0	0	0	0	0	1
130051	稀有矿石	5	2	i00009	打造兵器的材料	2000	500	0	0	0	3	0	0	0	0	0	0	0	0	0	0	0	0	0	0	0	0	0	0	0	0
130052	珍贵药草	5	1	i00053	修练丹药的材料	2000	500	0	0	0	3	0	0	0	0	0	0	0	0	0	0	0	0	0	0	0	0	0	0	0	0
130053	蟾蜍	5	3	i00151	炼毒的材料	3000	1500	0	0	0	3	0	0	0	0	0	0	0	0	0	0	0	0	0	0	0	0	0	0	0	0
130054	蝎子	5	3	i00149	炼毒的材料	3000	1500	0	0	0	3	0	0	0	0	0	0	0	0	0	0	0	0	0	0	0	0	0	0	0	0
130055	毒蛇	5	3	i00155	炼毒的材料	3000	1500	0	0	0	3	0	0	0	0	0	0	0	0	0	0	0	0	0	0	0	0	0	0	0	0
130056	蜘蛛	5	3	i00152	炼毒的材料	3000	1500	0	0	0	3	0	0	0	0	0	0	0	0	0	0	0	0	0	0	0	0	0	0	0	0
130057	蜈蚣	5	3	i00153	炼毒的材料	3000	1500	0	0	0	3	0	0	0	0	0	0	0	0	0	0	0	0	0	0	0	0	0	0	0	0
130058	活蹦乱跳的鸡	5	0	i00835	勇猛威武，神气非凡的鸡。由于太有活力与攻击性，你只好用布袋把牠给装起来。	800	200	0	0	0	3	0	0	0	0	0	0	0	0	0	0	0	0	0	0	0	0	0	0	0	0
130059	倚天屠龙功	6	0	i00752	武当真人张三丰所创的武功，原本是铁笔银钩的短兵近身战法，后人从中领悟出一套内功，可配合武当派的调息功夫。	2500	2500	0	0	1	1	0	4	60065	0	0	0	0	0	0	0	0	0	0	0	0	0	100037,210004	(1,12,74)	0	0
130060	意寒神功	6	0	i00751	昔年雪山派独门内功，练功者全身会发出隐隐寒气。	2500	2500	0	0	1	1	0	4	60066	0	0	0	0	0	0	0	0	0	0	0	0	0	210004,100299	(1,13,52)	0	0
130061	混元功	6	0	i00750	混元功另辟蹊径，由外而内修练，虽说修炼费时且见效慢，但没有走火入魔的危险，练成后临敌应战时招式中自有内劲相附，威力极大。	2500	2500	0	0	1	1	0	4	60067	0	0	0	0	0	0	0	0	0	0	0	0	0	100089,100019,100299	0	0	0
130062	药王神篇	6	0	i00748	由「毒手药王」所著，乃药王庄至宝，九成为治病救伤的医道，一成则为练毒施毒，种植毒草、培养毒虫之法。	2500	2500	0	0	1	1	0	4	60068	0	0	0	0	0	0	0	0	0	0	0	0	0	200022,210003,100033	0	0	0
130063	钗子	5	0	i00463	随处可见的普通钗子，样式简朴。	0	0	0	0	0	3	0	0	0	0	0	0	0	0	0	0	0	0	0	0	0	0	0	0	0	1
130064	质地漂亮的石头	5	0	i00006	乐山大佛所产，虽然好看，但卖不了什么钱	0	0	0	0	0	3	0	0	0	0	0	0	0	0	0	0	0	0	0	0	0	0	0	0	0	1
130065	上等稻香米	5	0	i00452	成都米铺上选的米，价格因为尸变传闻而水涨船高。	5000	500	0	0	0	3	0	0	0	0	0	0	0	0	0	0	0	0	0	0	0	0	0	0	0	0
130066	武林群侠传	6	0	i00408	落魄书生写的江湖小说，其中竟似隐藏一套高深武功！但喜欢看的人似乎不多。	2500	2500	0	0	1	1	0	4	70083	0	0	0	0	0	0	0	0	0	0	0	0	0	200022	0	0	0
130067	武林通鉴	3	0	i00824	江湖百晓生徐子易所著的武林通鉴，内有江湖中所有掌故。	10000	2500	0	0	1	1	0	1	99	300	0	0	0	0	0	0	0	0	0	0	0	0	200022	0	0	0
130068	大红袍	4	0	i00103	茶中状元，茶中之王。母树生长于福建武夷山天心岩九龙窠的高岩峭壁之上，数量很少。香气馥郁，滋味清远，色金黄明艳，可谓仙品。	400	100	0	0	1	1	1	1	1	2	0	0	0	0	0	0	0	0	0	0	0	0	0	0	0	0
130069	半山妖	4	0	i00111	传说为白鹞衔茶子吐于峰顶而生，原名半天鹞；由于茶树生长于地势险奇之处，人们戏称为半空中的妖怪，故又名为半山妖。其味清幽，以奇取胜。	400	100	0	0	1	1	1	1	3	1	0	0	0	0	0	0	0	0	0	0	0	0	0	0	0	0
130070	即墨老酒	4	2	i00122	以崂山墨水河畔所产黍稷酿造，有适筋骨入骨髓，健胃补脾之功效。<br>防御力增加15%，持续五回合	200	50	0	0	1	2	0	7	910151	0	0	7	910157	0	0	0	0	0	0	0	0	0	0	0	0	0
130071	汾酒	4	2	i00119	山西汾阳杏花村的水质极好，故此酒以甘泉佳酿着称。<br>攻击力增加15%，持续五回合	200	50	0	0	1	2	0	7	910152	0	0	7	910158	0	0	0	0	0	0	0	0	0	0	0	0	0
130072	西凤酒	4	2	i00120	陜西美酒，唐代国宴时的重要用酒。苏轼曾吟此酒为花开美酒喝不醉。<br>暴击率增加15%，持续五回合	200	50	0	0	1	2	0	7	910153	0	0	7	910159	0	0	0	0	0	0	0	0	0	0	0	0	0
130073	兰亭序	5	0	i00160	行书，王羲之最有名的字帖。乃与好友相集于兰亭，有感而发所传之诗序。	2000	500	0	0	0	3	0	0	0	0	0	0	0	0	0	0	0	0	0	0	0	0	0	0	0	0
130074	自叙帖	5	0	i00165	唐朝怀素善草书，其狂草古今无匹。笔法如惊蛇走虺，骤雨旋风，有观止之叹。	2000	500	0	0	0	3	0	0	0	0	0	0	0	0	0	0	0	0	0	0	0	0	0	0	0	0
130075	肚痛帖	5	0	i00171	唐朝张旭作品。据说此帖是在张旭肚痛时挥毫而成，为其得意之作。	2000	500	0	0	0	3	0	0	0	0	0	0	0	0	0	0	0	0	0	0	0	0	0	0	0	0
130076	三彩武士俑	3	0	i00184	此俑造型以现实武士作为依据，表现出威猛慓悍的镇幕卫之感，为唐代佳作。	10000	2500	1	0	1	1	0	1	21	3	0	0	0	0	0	0	0	0	0	0	0	0	0	0	0	0
130077	玉鱼龙	3	0	i00208	鱼身龙头，传闻中鱼龙在佛教乃是得道者的化身，所以此四鱼龙乃被视为高洁的象征。	10000	2500	1	0	1	1	0	1	26	3	0	0	0	0	0	0	0	0	0	0	0	0	0	0	0	0
130079	白果杯	5	0	i00226	江西景德镇出品的白瓷小杯，俗称白果杯，著名茶具。	2000	500	0	0	0	3	0	0	0	0	0	0	0	0	0	0	0	0	0	0	0	0	0	0	0	0
130080	泼墨仙人	5	0	i00241	宋人梁楷作品，大笔一挥，水墨淋漓。若非以写意风格的画法是画不出来的。但这一幅看起来好像不是真迹......	2000	500	0	0	0	3	0	0	0	0	0	0	0	0	0	0	0	0	0	0	0	0	0	0	0	0
130081	溪山行旅图	5	0	i00243	北宋范宽代表作品，大气磅礡，沉雄高古，诚辟易万人之作。但这一幅看起来好像不是真迹......	2000	500	0	0	0	3	0	0	0	0	0	0	0	0	0	0	0	0	0	0	0	0	0	0	0	0
130082	庐山高	5	0	i00240	沈周作品，笔法浑朴雄健。山石先以淡笔皴染，再用浓墨逐层提破，云光山色，极为精采。但这一幅看起来好像不是真迹......	2000	500	0	0	0	3	0	0	0	0	0	0	0	0	0	0	0	0	0	0	0	0	0	0	0	0
130083	早春图	5	0	i00234	北宋画家郭熙作品，此画对于情境气氛的掌握非常传神。但这一幅看起来好像不是真迹......	2000	500	0	0	0	3	0	0	0	0	0	0	0	0	0	0	0	0	0	0	0	0	0	0	0	0
130084	橘中秘	5	0	i00261	其中记载着象棋入门的基本棋法。	2000	500	0	0	0	3	0	0	0	0	0	0	0	0	0	0	0	0	0	0	0	0	0	0	0	0
130085	事林广纪	5	0	i00262	收集由古至今的各种残局及解法。	2000	500	0	0	0	3	0	0	0	0	0	0	0	0	0	0	0	0	0	0	0	0	0	0	0	0
130086	楞伽经	5	0	i00180	少林寺百余年前失窃的经书，夹层内藏有九阳真经心法。	0	0	0	0	0	3	0	0	0	0	0	0	0	0	0	0	0	0	0	0	0	0	0	0	0	1
130087	五粮液	4	2	i00125	以高粱、糯米、大米、玉米、小麦为原料所酿，故名。<br>五回合内，反击时回复25%内力	200	50	0	0	1	2	0	7	910154	0	0	7	910161	0	0	0	0	0	0	0	0	0	0	0	0	0
130088	宝丰酒	4	2	i00121	产地为河南宝丰，属清香型大曲白酒，此酒又称莲花酒。<br>五回合内，暴击时回复25%内力	200	50	0	0	1	2	0	7	910155	0	0	7	910162	0	0	0	0	0	0	0	0	0	0	0	0	0
130089	杜康酒	4	0	i00118	传统名酒，传说杜康为酿酒鼻祖。此酒清冽透明，柔润芳香，甘绵香醇，回味悠长。<br>五回合内，固定回复12%内力	200	50	0	0	1	2	0	7	910156	0	0	7	910163	0	0	0	0	0	0	0	0	0	0	0	0	0
130090	羊脂白玉碗	5	0	i00207	使用羊脂白玉制成的酒具。羊脂白玉又称「白玉」、「羊脂玉」，为软玉中之上品，极为珍贵。	2000	500	0	0	0	3	0	0	0	0	0	0	0	0	0	0	0	0	0	0	0	0	0	0	0	0
130091	法华经	4	0	i00177	全文共二十八品，前十四品说一乘之因，后十四品说一乘之果。《法华经》是佛陀释迦牟尼晚年所说的教法，被誉为「经中之王」，属于开权显实的圆融教法，经中宣讲内容至高无上，明示不分贫富贵贱，人人皆可成佛。	4000	1000 	1	0	1	1	1	1	17	3	0	0	0	0	0	0	0	0	0	0	0	0	0	0	0	0
130092	般若心经	4	0	i00176	阐述大乘佛教的空和般若思想的经典，又称《摩诃般若波罗密多心经》。本经是大品般若及小品般若的实相教理，是《大般若波罗蜜多经》加以浓缩后的极精简、极重要经典。	4000	1000 	1	0	1	1	1	1	16	3	0	0	0	0	0	0	0	0	0	0	0	0	0	0	0	0
130093	金刚经	4	0	i00175	《金刚经》是大乘佛教般若部重要经典之一。南北朝时代的开善智藏，持诵该经，多有灵验感应，加之以禅宗后来大力弘扬，使得金刚经成为出家及在家佛教徒最多人日常早晚课诵的佛经。	4000	1000 	1	0	1	1	1	1	17	3	0	0	0	0	0	0	0	0	0	0	0	0	0	0	0	0
130094	维摩诘经	4	0	i00178	《维摩诘经》或称《不可思议解脱经》，是大乘佛教的佛经。该经共三卷十四品，以维摩诘居士命名。它以辩论的方式来详细说明大乘佛教与小乘佛教在教义上的分别，集中讨论不二论。	4000	1000 	1	0	1	1	1	1	16	3	0	0	0	0	0	0	0	0	0	0	0	0	0	0	0	0
130095	草鱼	5	0	i00066	因生性食草而得名，为常见的溪流鱼类。	280	100	0	0	0	3	0	0	0	0	0	0	0	0	0	0	0	0	0	0	0	0	0	0	0	0
130096	映山红	3	0	i00829	东北方的人们将映山红看成是春天的使者，同时也是美好、吉祥、幸福的象征。	10000	2500	0	0	1	1	0	7	910164	0	0	0	0	0	0	0	0	0	0	0	0	0	0	0	0	0
130097	蟠龙纹盘	3	0	i00203	盘面饰龙纹蟠绕于中心，蟠龙外围有鱼纹、夔龙纹及鸟纹围绕，殷墟中期作品。	10000	2500	1	0	1	1	0	1	27	3	0	0	0	0	0	0	0	0	0	0	0	0	0	0	0	0
130098	金兽	3	0	i00220	此兽为纯金打造，用以镇席四角，或做博器的压邪之器，为西汉前朝之物。	10000	2500	1	0	1	1	0	1	28	3	0	0	0	0	0	0	0	0	0	0	0	0	0	0	0	0
130099	鹰形金冠饰	3	0	i00209	此纯金器由一鹰形冠式和三条带饰组成，为战国代表作。	10000	2500	1	0	1	1	0	1	23	3	0	0	0	0	0	0	0	0	0	0	0	0	0	0	0	0
130100	玉辟邪	3	0	i00193	辟邪，模样像狮长双翼，具神奇威力，能辟御妖邪，为汉代之物。	10000	2500	1	0	1	1	0	1	25	3	0	0	0	0	0	0	0	0	0	0	0	0	0	0	0	0
130101	青铜龙首神兽	3	0	i00202	此乃楚国贵族使用器物的器座，以激昂的龙首为前导，形成雄伟多姿的整体造型。	10000	2500	1	0	1	1	0	1	22	3	0	0	0	0	0	0	0	0	0	0	0	0	0	0	0	0
130102	纯金明王像	3	0	i00217	以纯金打造之明王像，据说此明王像可消灾解厄，镇压四方妖邪。	10000	2500	1	0	1	1	0	1	24	3	0	0	0	0	0	0	0	0	0	0	0	0	0	0	0	0
130103	爱的山茶花	5	0	i00230	张帆精心培育的山茶花	0	0	0	0	0	3	0	0	0	0	0	0	0	0	0	0	0	0	0	0	0	0	0	0	0	1
130104	狗皮膏药	3	0	i00306	将膏药涂抹在狗皮之上，敷用之后可收疗伤止痛、消除疲劳之效。	320	100	0	0	1	1	0	7	910165	0	0	0	0	0	0	0	0	0	0	0	0	0	0	0	0	0
130105	铁手套	5	0	i00625	铁制的拳套，但这对拳套还不属于你，赶快拿去还给人家吧。	10000	2500	0	0	0	3	0	1	99	170	180002	1	1	250	0	1	55	-5	0	0	4	0	0	(1,11,40)	0	0
130106	武学残页	5	0	i00252	从云游商人手中取得，陈旧而残缺不全的书页，上面似乎记载着一门高深的内功心法。	0	0	0	0	0	3	0	0	0	0	0	0	0	0	0	0	0	0	0	0	0	0	0	0	0	1
130107	新鲜豆腐	4	1	i00487	豆腐是一种古老传统食品，生熟皆可，老幼皆宜，是益寿延年的美食佳品	400	100	0	0	1	1	1	1	1	30	0	0	0	0	0	0	0	0	0	0	0	0	0	0	0	0
130108	倚天断剑	5	0	i00832	断成两截的倚天剑。	0	0	0	0	0	3	0	0	0	0	0	0	0	0	0	0	0	0	0	0	0	0	0	0	0	1
130109	西方异金	5	0	i00833	西方的珍稀金属，表面隐隐泛着金光，坚硬的程度仅次于玄铁，却更为轻巧。	3000	800	0	0	0	3	0	0	0	0	0	0	0	0	0	0	0	0	0	0	0	0	0	0	0	0
130110	武学残页	5	0	i00252	从状元郎手中取得，陈旧而残缺不全的书页，上面似乎记载着一门高深的内功心法。	0	0	0	0	0	3	0	0	0	0	0	0	0	0	0	0	0	0	0	0	0	0	0	0	0	1
130111	武学残页	5	0	i00252	陈旧而残缺不全的书页，上面似乎记载着一门高深的内功心法。	10000	0	1	0	0	3	0	0	0	0	0	0	0	0	0	0	0	0	0	0	0	0	0	0	0	0
130112	武学残页	5	0	i00252	从隐元阁手中取得，陈旧而残缺不全的书页，上面似乎记载着一门高深的内功心法。	0	0	0	0	0	3	0	0	0	0	0	0	0	0	0	0	0	0	0	0	0	0	0	0	0	1
130113	蚯蚓	5	0	i00024	生活在潮湿、疏松和肥沃的土壤中，农地中常见的小动物。	10	5	0	0	0	0	0	0	0	0	0	0	0	0	0	0	0	0	0	0	0	0	0	0	0	0
130114	白菜	4	1	i00074	又称「包心白菜」，性寒，可生食，耐储存；一般人家常见的食用蔬菜，口感爽脆，清甜解热。	30	15	0	0	1	1	1	1	1	20	0	0	0	0	0	0	0	0	0	0	0	0	0	0	0	0
130115	爆米花	4	1	i00834	又称「爆谷」，玉米在加热后，膨胀成像花一般的样子；外表酥脆、口感松软，吃了会让人心情非常愉悦。<br>食用效果：15%机率攻击两次，持续三回合	100	25	0	0	1	2	0	7	910197	0	0	0	0	0	0	0	0	0	0	0	0	0	0	0	0	0
130116	葡萄美酒	5	0	i00136	来自西域的葡萄美酒，似血一般鲜红的颜色，还有那醺人的葡萄香气，使你魂牵梦萦。	200	50	0	0	0	0	0	0	0	0	0	0	0	0	0	0	0	0	0	0	0	0	0	0	0	1
130117	夜光杯	5	0	i00215	所谓葡萄美酒夜光杯，欲饮琵琶马上催，夜光杯的质地更能衬出葡萄美酒鲜红的色泽，平添三分醉人香气。	2000	500	0	0	0	3	0	0	0	0	0	0	0	0	0	0	0	0	0	0	0	0	0	0	0	0
130118	盗墓笔记	3	0	i00746	不知是何方高人，将从古至今流传于世的盗墓技巧心得集结成书。	0	0	0	0	1	1	0	1	51	10	0	7	910185	0	0	0	0	0	0	0	0	0	100059	0	0	1
130119	太极图	3	0	i00838	在洛阳现世的一块奇石，黑白分明，正好形成太极之势。	0	0	0	0	1	1	0	1	1	1000	0	1	3	500	0	0	0	0	0	0	0	0	210004	0	0	1
130120	潇湘夜雨	1	0	i00836	一柄又薄又窄的长剑，可藏于二胡之中，伤人于无形之中。	0	0	0	0	1	1	0	1	99	410	180008	7	910194	0	0	0	0	0	0	0	0	0	210008	0	0	1
130121	[c][FF8C00]云雨雷霆棍[-][/c]	1	0	i00837	据说是前代海贼王的女性友人曾使用的棍棒，可呼风唤雨，招唤雷电。	0	0	0	0	1	1	0	1	99	430	180009	7	910182	0	0	0	0	0	0	0	8	0	100066	0	0	0
130122	武学残页	5	0	i00252	从蜘蛛盗贼团手中取得，陈旧而残缺不全的书页，上面似乎记载着一门高深的内功心法。	0	0	0	0	0	3	0	0	0	0	0	0	0	0	0	0	0	0	0	0	0	0	0	0	0	1
130123	乌衣宝典	6	0	i00821	西域邪教乌衣教奉为圣经的宝典，所有教众必须将之看的比自己的性命还要重要，并藏于随身携带的宝盒中，至死才能放下。撰写乌衣宝典之人，据说便是当年创圣火令法的山中老人，因此乌衣宝典之中，似乎也隐藏一套深奥武功。	10000	2500	0	0	1	1	0	3	140143	0	200069	0	0	0	0	0	0	0	0	0	0	0	200022	0	0	1
130124	裂风鞭法精要	6	0	i00747	阿傍为孙女集众家鞭法之长所创， 一鞭之力足以裂风断云，鞭风过处，无人幸免。	2500	2500	0	0	1	1	0	3	140154	0	200069	0	0	0	0	0	0	0	0	0	0	0	210048,999031,999032,100056	(1,14,62)	0	0
130127	鳄皮护甲	2	0	i00847	以鳄鱼皮制作而成的护甲，坚韧无比。	12000	6000	0	0	1	1	0	1	1	500	0	7	910220	0	0	0	0	0	0	0	0	0	0	0	0	0
130128	子母天钩精要	6	0	i00752	修罗宫绝学，阿修罗为了追杀负心薄幸之人所创。兵器前端弯曲如钩，用以取出负情之人的心脏。	2500	2500	0	0	1	1	0	3	100134	0	200069	0	0	0	0	0	0	0	0	0	0	0	100054,999048	(1,14,54)	0	0
130129	幻尘七诛精要	6	0	i00752	修罗宫独门暗器手法，一次射出七种暗器，同时击向人体七大要害，暗合北斗七星之数。	2500	2500	0	0	1	1	0	3	100135	0	200069	0	0	0	0	0	0	0	0	0	0	0	100054,999048	(1,13,57)	0	0
130130	无定飞环精要	6	0	i00752	曾在江湖上昙花一现的绝技，以内力控制双环，随心意流转腾挪，极难摆脱双环的攻势，双环既出，则追魂索命，不死不休。	2500	2500	0	0	1	1	0	3	100136	0	200069	0	0	0	0	0	0	0	0	0	0	0	100054,999048	(1,11,40)	0	0
130131	百花杀精要	6	0	i00752	任清璇自花痴的百花错拳中演化而来，招式变化多端，令人应接不暇。	2500	2500	0	0	1	1	0	3	140196	0	200069	0	0	0	0	0	0	0	0	0	0	0	100054	(1,11,50)	0	0
130132	玉连环影精要	6	0	i00752	双环以左右正反等手法来回舞动，环影处处，成为难以攻破的一道防线，并伺机反攻。	2500	2500	0	0	1	1	0	3	140197	0	200069	0	0	0	0	0	0	0	0	0	0	0	100054	(1,14,55)	0	0
130133	雪月交光精要	6	0	i00752	将手中双环作为暗器发出，虽无法如细小的暗器一般掷出极远，威力却较暗器为强，与他人兵器相交时溅出的火光，犹如夜晚一闪而过的一丝光芒。	2500	2500	0	0	1	1	0	3	140198	0	200069	0	0	0	0	0	0	0	0	0	0	0	100054	(1,23,35)	0	0
130134	笙歌醉引精要	6	0	i00752	多年前有一善使乾坤双圈之人所留下的秘籍，此招全仗巧劲，用诡秘的手法将双轮旋转抛出，以难以捉摸的路径直取目标。	2500	2500	0	0	1	1	0	3	140199	0	200069	0	0	0	0	0	0	0	0	0	0	0	100054	(1,13,60)	0	0
130135	燕子刺精要	6	0	i00752	假意露出破绽，故作败象以诱敌深入，趁其不备之时，再反手回刺，犹如燕子回翔之态。	2500	2500	0	0	1	1	0	3	100137	0	200069	0	0	0	0	0	0	0	0	0	0	0	100059,999036,999049,999062,200044,100033,210003	(1,14,65)	0	0
130136	乳燕归巢精要	6	0	i00752	出招灵巧，仅以刺击为主，身形犹如归巢的燕子般，一刺之后，立刻施展轻功急退，以防敌方追击。	2500	2500	0	0	1	1	0	3	100138	0	200069	0	0	0	0	0	0	0	0	0	0	0	100059,999036,999049,999062,200044,100033,210003	(1,14,70)	0	0
130137	月照梨花	1	0	i00275	唐伯虎在一次酒宴中所绘，扇面以特殊技法缀点梨花，将梨花在月光下错落之态勾勒得栩栩如生。<br>扇骨仿梨花枝叶以精钢千锤百炼而成。	20000	5000	0	0	1	1	0	1	99	210	180018	7	910231	0	0	0	0	0	0	0	7	0	200044	0	0	0
130138	点翠鎏金	3	0	i00185	手工精致的金簪，以珍贵的珠玉点缀而成。	10000	2500	0	0	1	1	0	7	910236	0	0	0	0	0	0	0	0	0	0	0	0	0	99	0	0	0



900001	[c][FF8C00]九陰真經[-][/c]	6	0	i00751	真·完整版九阴真经，包含上篇，下篇，学会其中一篇便能纵横江湖！	0	0	0	0	1	1	0	4	100006	0	0	0	0	0	0	0	0	0	0	0	0	0	0	0	0	0
900002	[c][FF8C00]唯我獨尊功卷轴[-][/c]	6	0	i00751	逍遥派失传许久的心法秘籍。	0	0	0	0	1	1	0	4	100007	0	0	0	0	0	0	0	0	0	0	0	0	0	0	0	0	0
900003	[c][FF8C00]北冥神功图谱[-][/c]	6	0	i00751	逍遥派失传许久的心法秘籍。	0	0	0	0	1	1	0	4	100008	0	0	0	0	0	0	0	0	0	0	0	0	0	0	0	0	0
900004	[c][FF8C00]無相神功秘籍[-][/c]	6	0	i00751	逍遥派失传许久的心法秘籍。	0	0	0	0	1	1	0	4	100009	0	0	0	0	0	0	0	0	0	0	0	0	0	0	0	0	0
900005	[c][FF8C00]九陽真經[-][/c]	6	0	i00751	失传许久的心法秘籍。	0	0	0	0	1	1	0	4	100010	0	0	0	0	0	0	0	0	0	0	0	0	0	0	0	0	0
900006	[c][FF8C00]移弦夺魄图谱[-][/c]	6	0	i00751	桃花岛机缘巧合之下得到的心法秘籍，但是却无法参悟其中奥秘。	0	0	0	0	1	1	0	4	100011	0	0	0	0	0	0	0	0	0	0	0	0	0	200020	0	0	0
900007	[c][FF8C00]逆轉心经秘籍[-][/c]	6	0	i00751	失传许久的心法秘籍。	0	0	0	0	1	1	0	4	100012	0	0	0	0	0	0	0	0	0	0	0	0	0	0	0	0	0
900008	[c][FF0000]輪墓[-][/c]	6	0	i00748	东瀛某个天才忍者结合奇门遁甲，五行八卦，以及孙子兵法所悟出究极忍术。	0	0	0	0	1	1	0	4	100001	0	0	0	0	0	0	0	0	0	0	0	0	0	0	0	0	0
900009	[c][FF0000]飛天御劍流秘籍[-][/c]	6	0	i00748	东瀛劍聖第一流派秘傳。[c][0000FF]十层前置心合意气流[-][/c]	0	0	0	0	1	1	0	4	100003	0	0	0	0	0	0	0	0	0	0	0	0	0	0	(1,21,60)	0	0
900010	[c][FF0000]九轉玄功[-][/c]	6	0	i00748	上古轩辕氏修炼的玄功，肉身成圣之法。	0	0	0	0	1	1	0	4	100002	0	0	0	0	0	0	0	0	0	0	0	0	0	0	0	0	0
900011	[c][FF0000]天翔龍閃[-][/c]	6	0	i00745	飛天御劍流終極奧義。	0	0	0	0	1	1	0	3	200001	0	200069	0	0	0	0	0	0	0	0	0	0	0	0	(1,14,60)*(1,21,70)	0	0
900012	[c][FF0000]劍氣縱橫口訣[-][/c]	6	0	i00748	逍遥谷谷月轩受情伤后领悟的曠古絕學。	0	0	0	0	1	1	0	3	200002	0	200069	0	0	0	0	0	0	0	0	0	0	0	0	(1,25,100)	0	0
900013	[c][FF0000]天蠶絲拳套[-][/c]	1	0	i00706	以天蠶絲手套混合玄鐵編製而成，既有天蠶的柔韌，攻擊速度顯著加快，攻擊仿佛流星雨一般，又具備玄鐵的堅實，神兵利器也難以造成絲毫破損，可攻可守。	0	0	0	0	1	1	0	1	99	400	180002	7	800009	0	0	0	0	0	0	0	0	4	210001	(1,11,80)	0	0
900014	[c][FF0000]魂血刀劍[-][/c]	1	0	i00785	飲血刀，噬魂劍，是昔日傳奇巨匠，歐冶子封山之作，據說刀飲人血愈發鋒利，劍聞哭嚎愈發敏捷，是超越佛劍魔刀，倚天屠龍的神器，令江湖人士瘋狂追逐。	0	0	0	0	1	1	0	1	99	500	180001	7	800004	0	0	0	0	0	0	0	0	2	0	(1,21,80)*(1,22,80)	0	0
900015	[c][FFFF00]千年人参[-][/c]	4	0	i00734	大补气血，提高氣血最大值四百點。	0	0	0	0	1	1	1	1	1	400	0	0	0	0	0	0	0	0	0	0	0	0	0	0	0	0
900016	[c][FF8C00]易筋經[-][/c]	6	0	i00751	少林七十二絕技之一，也是世上最為絕頂的武學，相傳為達摩祖師融合天竺瑜珈所創。	0	0	0	0	1	1	0	4	100005	0	0	0	0	0	0	0	0	0	0	0	0	0	0	0	0	0
900017	[c][FF8C00]定情手鐲[-][/c]	3	0	i00615	谷家祖傳寶物，贈与妻子的定情信物。	0	0	0	0	1	1	0	7	800031	0	0	0	0	0	0	0	0	0	0	0	0	0	999036,100125,210003,210006	0	0	0
900018	[c][FF8C00]定情肚兜[-][/c]	2	0	i00611	無雙贴身衣物，赠与谷月轩的定情信物，仿佛还残留着余温。	0	0	0	0	1	1	0	1	1	2000	0	7	800030	0	0	0	0	0	0	0	0	0	210001	0	0	0
900019	[c][FF0000]生死符秘笈[-][/c]	6	0	i00751	「灵鹫宫」宫主天山童姥所用的一种暗器。中者求生不得求死不能，受制于他人，故名「生死符」。	0	0	0	0	1	1	0	3	200010	0	200069	0	0	0	0	0	0	0	0	0	0	0	0	(1,23,80)	0	0
900020	[c][FFFF00]天蚕丝[-][/c]	5	0	i00403	天下间最为坚韧的丝线，也是万金难求之物。	0	0	0	0	0	3	0	0	0	0	0	0	0	0	0	0	0	0	0	0	0	0	0	0	0	0
900021	[c][FFFF00]冰火玄功秘籍[-][/c]	6	0	i00748	體內同時擁有陰陽兩道真氣，並加以融會貫通，使修習者能夠同時發出至陰與至陽的內力傷敵。最高能達到九重天境，被稱為冰火九重天。[c][0000FF]十层前置明玉功[-][/c]	0	0	0	0	1	1	0	4	100004	0	0	0	0	0	0	0	0	0	0	0	0	0	0	0	0	0
900022	[c][FF0000]一刀两断秘籍[-][/c]	6	0	i00748	不知道何人留下的刀法，暗合降龙十八掌中的套路。	0	0	0	0	1	1	0	3	200014	0	200069	0	0	0	0	0	0	0	0	0	0	0	0	(1,22,80)	0	0
900023	[c][FFFF00]人剑合一秘籍[-][/c]	6	0	i00748	剑圣早年所修绝学。	0	0	0	0	1	1	0	3	200015	0	200069	0	0	0	0	0	0	0	0	0	0	0	0	(1,21,70)	0	0
900024	[c][FF8C00]剑二十三秘籍[-][/c]	6	0	i00748	剑圣悟道之后所创绝学。	0	0	0	0	1	1	0	3	200016,100125	0	200069	0	0	0	0	0	0	0	0	0	0	0	0	(1,21,80)	0	0
900025	[c][FF0000]万剑归宗秘籍[-][/c]	6	0	i00748	剑圣毕生所学悟出终极绝学。	0	0	0	0	1	1	0	3	200017	0	200069	0	0	0	0	0	0	0	0	0	0	0	0	(1,21,100)	0	0
900026	[c][FF0000]真·独孤九剑秘籍[-][/c]	6	0	i00748	真正的独孤九剑秘籍。	0	0	0	0	1	1	0	3	200018	0	200069	0	0	0	0	0	0	0	0	0	0	0	0	(1,21,100)	0	0
900028	[c][FF8C00]排山倒海秘籍[-][/c]	6	0	i00748	塞外英雄郭大侠所创旷世掌法。	0	0	0	0	1	1	0	3	200020	0	200069	0	0	0	0	0	0	0	0	0	0	0	0	(1,24,80)	0	0
900029	[c][FF0000]排云掌秘籍[-][/c]	6	0	i00748	从三分归元气中分化的分支掌法。	0	0	0	0	1	1	0	3	200021	0	200069	0	0	0	0	0	0	0	0	0	0	0	0	(1,24,90)	0	0
900030	[c][FF0000]醉拳秘籍[-][/c]	6	0	i00748	真·醉拳秘籍。	0	0	0	0	1	1	0	3	200022	0	200069	0	0	0	0	0	0	0	0	0	0	0	0	(1,24,80)	0	0
900031	[c][7CFC00]声名[-][/c]	5	0	i00438	哥虽不在江湖，但江湖上到处流传着哥的传说	0	0	0	0	0	3	0	0	0	0	0	0	0	0	0	0	0	0	0	0	0	0	0	0	0	1
900032	[c][FF0000]位面之子[-][/c]	5	0	i00438	以弱冠之龄，击败纵横天下的剑圣，如果加以勤奋练习，必成大器，可谓是位面之子！	0	0	0	0	0	3	0	0	0	0	0	0	0	0	0	0	0	0	0	0	0	0	0	0	0	1
900033	[c][FF0000]打狗棒法[-][/c]	6	0	i00748	真·打狗棒法。	0	0	0	0	1	1	0	3	200023	0	200069	0	0	0	0	0	0	0	0	0	0	0	0	(1,28,70)	0	0
900034	[c][FF0000]赤炎晶[-][/c]	4	0	i00006	必须在灵气充裕的地方才能凝结而成的晶体，吃了会让人坚硬无比。<br>食用效果：金刚之体	0	0	0	0	1	2	0	7	800032	0	0	0	0	0	0	0	0	0	0	0	0	0	0	0	0	0
900035	[c][FFFF00]长风破浪[-][/c]	6	0	i00748	逍遥拳法秘籍	0	0	0	0	1	1	0	3	140140	0	200069	0	0	0	0	0	0	0	0	0	0	0	0	(1,24,40)	0	0
900027	[c][FFFF00]逍遥神掌秘籍[-][/c]	6	0	i00748	丁春秋从天山六阳掌的残缺版中精简出来结合毒功而创的武功，击中敌人后丹田运行不正常，流失内力，中毒。	0	0	0	0	1	1	0	3	200019	0	200069	0	0	0	0	0	0	0	0	0	0	0	0	(1,24,40)	0	0
900036	[c][0000FF]逍遥迷踪腿精要[-][/c]	6	0	i00746	逍遥腿法秘籍	0	0	0	0	1	1	0	3	100161	0	200069	0	0	0	0	0	0	0	0	0	0	0	0	(1,24,40)	0	0
900037	[c][0000FF]逍遥扇[-][/c]	6	0	i00747	逍遥扇秘籍	0	0	0	0	1	1	0	3	100183	0	200069	0	0	0	0	0	0	0	0	0	0	0	0	(1,27,40)	0	0
900038	[c][0000FF]风随白云飞[-][/c]	6	0	i00747	逍遥棍法秘籍	0	0	0	0	1	1	0	3	100195	0	200069	0	0	0	0	0	0	0	0	0	0	0	0	(1,28,40)	0	0
900039	[c][0000FF]青龙啸天[-][/c]	6	0	i00747	逍遥剑法秘籍	0	0	0	0	1	1	0	3	200024	0	200069	0	0	0	0	0	0	0	0	0	0	0	0	(1,21,40)	0	0
900040	[c][0000FF]冥鲲斩[-][/c]	6	0	i00747	逍遥刀法秘籍	0	0	0	0	1	1	0	3	100057	0	200069	0	0	0	0	0	0	0	0	0	0	0	0	(1,22,40)	0	0
900041	[c][0000FF]八仙指路[-][/c]	6	0	i00747	逍遥指法秘籍	0	0	0	0	1	1	0	3	100039	0	200069	0	0	0	0	0	0	0	0	0	0	0	0	(1,25,40)	0	0
900042	[c][0000FF]贪狼无极功[-][/c]	6	0	i00751	此功法勇往直前，有死无生，是战场上常见的功法。[c][0000FF]十层前置正气诀[-][/c]	0	0	0	0	1	1	0	4	100013	0	0	0	0	0	0	0	0	0	0	0	0	0	0	0	0	0
900043	[c][0000FF]无意功[-][/c]	6	0	i00751	小无相功的姊妹篇。不着形相，无迹可寻，身具此功者可模拟天下武功发劲。[c][0000FF]十层前置连山决[-][/c]	0	0	0	0	1	1	0	4	100014	0	0	0	0	0	0	0	0	0	0	0	0	0	0	0	0	0
900044	[c][0000FF]落雁无痕[-][/c]	6	0	i00751	前代盗圣的心法，打赌输给无瑕子。[c][0000FF]十层前置金雁功[-][/c]	0	0	0	0	1	1	0	4	100015	0	0	0	0	0	0	0	0	0	0	0	0	0	0	0	0	0
900045	[c][FFFF00]青龙神兽[-][/c]	3	0	i00202	此乃楚国贵族使用器物的器座，以激昂的龙首为前导，形成雄伟多姿的整体造型，据说具有青龙水之回复力量。	0	0	0	0	1	1	0	7	800047	0	0	0	0	0	0	0	0	0	0	0	0	0	0	0	0	0
900046	[c][FF8C00]西域夜明珠[-][/c]	3	0	i00825	来自西域的极为珍贵的宝珠，会发出相当耀眼的光芒。	10000	5000	0	0	1	1	0	7	800049	0	0	0	0	0	0	0	0	0	0	0	0	0	0	0	0	0	
900047	[c][FF8C00]珍稀名贵中草药[-][/c]	5	1	i00053	修练丹药的材料	0	0	0	0	0	3	0	0	0	0	0	0	0	0	0	0	0	0	0	0	0	0	0	0	0	0
900048	[c][FF8C00]七彩段玉丹[-][/c]	4	0	i00305	解除两个负向状态，恢复气血五成，附带必中属性三回合。	2000	1000	0	0	1	2	1	16	0	50	0	18	0	2	0	7	800051	0	0	0	0	0	0	0	0	0
900049	[c][FF8C00]千锤百炼丹[-][/c]	4	0	i00799	提高臂力三点，身法三点的神药。	20000	5000	0	0	1	1	1	1	11	3	1	1	14	3	0	0	0	0	0	0	0	0	0	0	0	0
900050	[c][FF8C00]洗髓再造丹[-][/c]	4	0	i00807	提高根骨三点，悟性三点的神药。	20000	5000	0	0	1	1	1	1	12	3	1	1	13	3	0	0	0	0	0	0	0	0	0	0	0	0
900051	[c][FF8C00]天元聚气丹[-][/c]	4	0	i00305	解除两个负向状态，三回合内持续恢复气血25%、内力10%，减伤30%。	2000	1000	0	0	1	2	0	7	800052	0	0	18	0	2	0	0	0	0	0	0	0	0	0	0	0	0
900052	[c][FF8C00]打狗棒[-][/c]	1	0	i00789	打狗棒是历届丐帮的信物，有着见打狗棒如见丐帮帮主的传统。	0	0	0	0	1	1	0	1	99	350	180009	7	100121	0	0	0	0	0	0	0	0	8	210009	0	0	0
900053	[c][FFFF00]少妇白洁[-][/c]	4	0	i900053	《少妇白洁》是一部优秀的文学作品，戏剧性的揭示了社会的阴暗面，引发了读者对于当代社会弊端的思考。	0	0 	1	0	1	1	1	1	17	5	0	0	0	0	0	0	0	0	0	0	0	0	0	0	0	0
900054	[c][FFFF00]金鳞岂是池中物[-][/c]	4	0	i900054	《金鳞岂是池中物》是一部优秀的文学作品，讲述了一个出外打拼的江湖豪杰王者归来的故事，经常看可以增加臂力。	0	0 	1	0	1	1	1	1	15	5	0	0	0	0	0	0	0	0	0	0	0	0	0	0	0	0
900055	[c][FFFF00]雾霭凝香[-][/c]	4	0	i900055	《雾霭凝香》是一部优秀的悬疑武侠作品，主角斗智斗勇，文武双全。	0	0 	1	0	1	1	1	1	16	5	0	0	0	0	0	0	0	0	0	0	0	0	0	0	0	0	
900056	[c][FFFF00]冰峰魔恋[-][/c]	4	0	i900056	《冰峰魔恋》是一部优秀的犯罪题材小说，可谓是补足了天朝这一题材的空缺。	0	0 	1	0	1	1	1	1	18	5	0	0	0	0	0	0	0	0	0	0	0	0	0	0	0	0	
900057	[c][008000]那個誰挑戰[-][/c]	5	0	i00438	那個誰不服，再次前來逍遙谷挑戰！	0	0	0	0	0	3	0	0	0	0	0	0	0	0	0	0	0	0	0	0	0	0	0	0	0	1
900058	[c][FFFF00]飛龍探雲手[-][/c]	6	0	i00748	盜聖李三思的成名絕技	0	0	0	0	1	1	0	3	200030	0	200069	0	0	0	0	0	0	0	0	0	0	0	200000,200039,100059,200044,999049	0	0	0	
900059	[c][FF8C00]洗髓經[-][/c]	6	0	i00751	与易筋经并列少林七十二绝技。此门功法乃是由外而内，先强身，后练筋骨，再强化五脏六腑，终至洗髓。过程中内功自成，练至高深处，便是不动用真气，随意一击都能有数人合力之威。	0	0	0	0	1	1	0	4	100016	0	0	0	0	0	0	0	0	0	0	0	0	0	0	0	0	0
900060	观清百景剑法	6	0	i00748	青城祖师长年观那奇峰峭壁之态所领悟，剑尖所及，犹如绝壁山峦间，回环曲折之路。令对手难以摸索来势。	0	0	0	0	1	1	0	3	100082	0	200069	0	0	0	0	0	0	0	0	0	0	0	0	(1,21,20)	0	0	
900061	[c][FF8C00]清音妙剑秘籍[-][/c]	6	0	i00748	峨嵋派饮誉武林的剑法，点点银光，如风飘柳条，千丝万缕，轻盈潇洒，如骤雨排空，千点万点，参差飞洒，剑势之奇，当真江湖罕见。	0	0	0	0	1	1	0	3	200025	0	200069	0	0	0	0	0	0	0	0	0	0	0	0	(1,21,50)	0	0
900062	[c][FF0000]燃灯古剑秘籍[-][/c]	6	0	i00748	峨嵋派镇派剑法，只有掌门传人才可以习得。	0	0	0	0	1	1	0	3	200026	0	200069	0	0	0	0	0	0	0	0	0	0	0	200016	(1,21,100)	0	0	
900063	[c][0000FF]暗夜飘香[-][/c]	6	0	i00747	香帅楚留香留下的内功，虽不是顶尖内功，但是在轻功方面却颇有独到见解。	0	0	0	0	1	1	0	4	100017	0	0	0	0	0	0	0	0	0	0	0	0	0	0	0	0	0
900064	[c][FF0000]屠龍刀[-][/c]	1	0	i00365	百年前由一武林前辈以玄铁与西方玄金所造，锋利无比。	40000	10000	0	0	1	1	0	1	99	480	180003	7	800023	0	0	0	0	0	0	0	2	0	0	(1,22,100)	0	0	
900065	[c][7CFC00]五毒花[-][/c]	5	0	i00232	生长在云南奇花，与五毒蛇相伴而生，同时也被苗人世代守护。	10000	2500	0	0	0	3	0	0	0	0	0	0	0	0	0	0	0	0	0	0	0	0	0	0	0	0
900066	[c][FF8C00]乾坤大挪移[-][/c]	6	0	i00751	明教历代教主修习内功，也是江湖一等的内功。当年决战光明顶张无忌一人凭借此功大破各大门派。	0	0	0	0	1	1	0	4	100018	0	0	0	0	0	0	0	0	0	0	0	0	0	210004,100075	0	0	0
900067	[c][FF8C00]乾坤大挪移—吸[-][/c]	6	0	i00748	明教历代教主修习内功，也是江湖一等的武功。当年决战光明顶张无忌一人凭借此功大破各大门派。	0	0	0	0	1	1	0	3	200039	0	200069	0	0	0	0	0	0	0	0	0	0	0	0	(1,24,80)	0	0
900067	[c][FF8C00]乾坤大挪移—推[-][/c]	6	0	i00748	明教历代教主修习内功，也是江湖一等的武功。当年决战光明顶张无忌一人凭借此功大破各大门派。	0	0	0	0	1	1	0	3	200040	0	200069	0	0	0	0	0	0	0	0	0	0	0	0	(1,24,80)	0	0
900068	[c][FF0000]摩诃无量感悟[-][/c]	6	0	i00748	对天剑门与绝刀门的武功，黄雨柔已了然于胸，获得的珍贵感悟。	2500	2500	0	0	1	1	0	3	200041	0	200069	0	0	0	0	0	0	0	0	0	0	0	999048	0	0	0	
900069	[c][0000FF]阴阳绝刀秘籍[-][/c]	6	0	i00748	绝刀门最终奥秘，将阴阳刀势合而为一的一招。	2500	2500	0	0	1	1	0	3	120050	0	200069	0	0	0	0	0	0	0	0	0	0	0	0	0	0	0	
900070	[c][0000FF]狂风暴雨秘籍[-][/c]	6	0	i00748	狂风剑术里威势最盛的一招，但却非上乘武学。	2500	2500	0	0	1	1	0	3	120047	0	200069	0	0	0	0	0	0	0	0	0	0	0	0	0	0	0	
900071	[c][FF8C00]三苦神功秘籍[-][/c]	6	0	i00748	唐门心法，取意三苦八难，却与佛门之说无关。	0	0	0	0	1	1	0	4	70014	0	0	0	0	0	0	0	0	0	0	0	0	0	0	0	0	0	
900072	[c][FF8C00]绝刀势秘籍[-][/c]	6	0	i00748	刀剑门传下的心法，绝刀门专精于刀，所悟得的多为使刀诀窍。	0	0	0	0	1	1	0	4	70012	0	0	0	0	0	0	0	0	0	0	0	0	0	0	0	0	0	
900073	[c][FF0000]千年毒蟾[-][/c]	3	0	i00621	毒龙教圣物，具有无解剧毒，周围人都会莫名其妙流失生命！传说是被盗取了生命力与时间！	0	0	0	0	1	1	0	7	800078	0	0	0	0	0	0	0	0	0	0	0	0	0	0	0	0	0	
900074	[c][0000FF]狂风暴雨秘籍[-][/c]	6	0	i00748	狂风剑术的变招之一，与寻常的招式大异其趣，出剑时寂静无声，用以偷袭。	0	0	0	0	1	1	0	3	120046	0	200069	0	0	0	0	0	0	0	0	0	0	0	0	0	0	0	
900075	[c][FF8C00]天剑诀秘籍[-][/c]	6	0	i00748	刀剑门传下的心法，天剑门专精于剑，所悟得的多为御剑法门。	0	0	0	0	1	1	0	4	70011	0	0	0	0	0	0	0	0	0	0	0	0	0	0	0	0	0		
900076	[c][FF8C00]行天功秘籍[-][/c]	6	0	i00748	关家家传武功心法，配合大刀刀法，颇有几分威力。	0	0	0	0	1	1	0	4	70009	0	0	0	0	0	0	0	0	0	0	0	0	0	0	0	0	0		
900077	[c][FF8C00]地煞无极功秘籍[-][/c]	6	0	i00752	七十二地煞乃凶杀大恶之星。此功法取其义，集结地煞七十二术诸般阴毒狠辣之法而成，威力无俦，故又名之谓无极。	0	0	0	0	1	1	0	4	60049	0	0	0	0	0	0	0	0	0	0	0	0	0	0	0	0	0
900078	[c][0000FF]拜月七诀秘籍[-][/c]	6	0	i00746	出处不明的神秘掌法。	0	0	0	0	1	1	0	3	100042	0	200069	0	0	0	0	0	0	0	0	0	0	0	0	0	0	0	
900079	[c][0000FF]鬼袭秘籍[-][/c]	6	0	i00748	陈公公的绝招之一	0	0	0	0	1	1	0	3	140051	0	200069	0	0	0	0	0	0	0	0	0	0	0	0	0	0	0	
900080	[c][0000FF]丝缠秘籍[-][/c]	6	0	i00748	陈公公的绝招之一	0	0	0	0	1	1	0	3	140052	0	200069	0	0	0	0	0	0	0	0	0	0	0	0	0	0	0	
900081	[c][FF8C00]残殇秘籍[-][/c]	6	0	i00748	陈公公的绝招之一	0	0	0	0	1	1	0	3	140053	0	200069	0	0	0	0	0	0	0	0	0	0	0	0	0	0	0	
900082	[c][FF0000]气血精魄[-][/c]	4	0	i00232	大补气血，提高氣血最大值三千點。	0	0	0	0	1	1	1	1	1	3000	0	0	0	0	0	0	0	0	0	0	0	0	999001	0	0	0
900083	[c][FF0000]内力精魄[-][/c]	4	0	i00232	大补内力，提高内力最大值一千點。	0	0	0	0	1	1	1	1	3	1000	0	0	0	0	0	0	0	0	0	0	0	0	999001	0	0	0
900084	[c][FF0000]精力精魄[-][/c]	4	0	i00232	大补精力，提高移动一格。	0	0	0	0	1	1	1	1	4	1	0	0	0	0	0	0	0	0	0	0	0	0	999001	0	0	0
900085	[c][FF0000]落英神剑掌[-][/c]	6	0	i00746	昔年桃花岛东邪所创的武功，端是精妙无比。	0	0	0	0	1	1	0	3	200043	0	200069	0	0	0	0	0	0	0	0	0	0	0	0	(1,14,63)*(1,24,80)	0	0
900086	[c][FF8C00]碧海潮生曲图谱[-][/c]	6	0	i00751	表面上箫声听似模仿大海潮浪之声，其实内藏极高度致命武功，声情致飘忽，缠绵宛转，若在无防备之下聆听则难以自制，不住手舞足蹈，甚至胡乱抓搔头脸。	0	0	0	0	1	1	0	4	100019	0	0	0	0	0	0	0	0	0	0	0	0	0	999022,999031,999032,999048,200020	0	0	0
900087	[c][0000FF]奇毒天镖[-][/c]	6	0	i00747	奇毒天镖秘籍	0	0	0	0	1	1	0	3	100174	0	200069	0	0	0	0	0	0	0	0	0	0	0	0	(1,23,30)	0	0
900088	[c][0000FF]星梭手法[-][/c]	6	0	i00747	星梭手法秘籍	0	0	0	0	1	1	0	3	100175	0	200069	0	0	0	0	0	0	0	0	0	0	0	0	(1,23,40)	0	0
900089	[c][0000FF]摘星九影[-][/c]	6	0	i00747	摘星九影秘籍	0	0	0	0	1	1	0	3	100178	0	200069	0	0	0	0	0	0	0	0	0	0	0	0	(1,23,50)	0	0

















	

